Cabrillo Statistics           (Version 10g)           by K5KA & N6TV
http://bit.ly/cabstat

CONTEST: IARU-HF
CALLSIGN: MB1A
CATEGORY-OPERATOR: MULTI-OP
CATEGORY-TRANSMITTER: TWO
OPERATORS: E21EIC BA4TB

**  0  ****** Q S O   R a t e   S u m m a r y **************

Hour     160     80     40     20     15     10  Total    Pct
-------------------------------------------------------------
1200       0      0      0    182      0      0    182    7.4
1300       0      0      0    158      0      0    158   13.8
1400       0      0    132      1      0      0    133   19.2
1500       0      0      7    110      0      0    117   24.0
1600       0      0      5    112      0      0    117   28.7
1700       0      6     52     30      0      0     88   32.3
1800       0      0      0    140      0      0    140   38.0
1900       0      0     83     81      0      0    164   44.7
2000       0      0    166      0      0      0    166   51.4
2100       0      0     57     72      0      0    129   56.6
2200       0     81      0     46      0      0    127   61.8
2300       0    113      0      0      0      0    113   66.4
0000       0      7      0     83      0      0     90   70.1
0100       0      9     50      3      0      0     62   72.6
0200       0     39     30      0      0      0     69   75.4
0300       0     46      0      5      0      0     51   77.4
0400       0     16     36      2      0      0     54   79.6
0500       0      0     68      0      0      0     68   82.4
0600       0      0     58      0      0      6     64   85.0
0700       0      0      9     79      0      4     92   88.7
0800       0      0      0     24      0     33     57   91.1
0900       0      0      0      0     43     52     95   94.9
1000       0      0      0      0     48     11     59   97.3
1100       0      0      0     51      0     15     66  100.0
------------------------------------------------------
Total      0    317    753   1179     91    121   2461


**  1  ****** Q S O   R a t e   S u m m a r y **************

Hour     160     80     40     20     15     10  Total    Pct
-------------------------------------------------------------
1200       0      0      0      0     98     44    142    6.0
1300       0      0      0      0    112     27    139   11.9
1400       0      0      0     81     30     15    126   17.3
1500       0      0      6      0     37     79    122   22.4
1600       0      0      0      0    153      0    153   28.9
1700       0      0      0      0    129      0    129   34.4
1800       0      0      0      0    181      0    181   42.1
1900       0      0      0      5     94      2    101   46.4
2000       0     62      0     87      0      0    149   52.7
2100       0    111     24      0      0      0    135   58.4
2200       0      0    170      0      0      0    170   65.6
2300       0      0    108      0      0      0    108   70.2
0000       0     48     50      0      0      0     98   74.3
0100       0     22      0     68      0      0     90   78.2
0200       0      0      4     53      0      0     57   80.6
0300       0      0     46      1      0      0     47   82.6
0400       0     15     33      0      3      0     51   84.7
0500       0      0      0     29      0      0     29   86.0
0600       0      0      0     48      9      0     57   88.4
0700       0      0      0      0     23      9     32   89.7
0800       0      0      0     12     34      0     46   91.7
0900       0      0      0     81      0     14     95   95.7
1000       0      0      0     35      0     22     57   98.1
1100       0      0      0      2     42      0     44  100.0
------------------------------------------------------
Total      0    258    441    502    945    212   2358


-------------- Q S O   R a t e   S u m m a r y ---------------------
Hour     160     80     40     20     15     10    Rate Total    Pct
--------------------------------------------------------------------
1200       0      0      0    182     98     44    324    324    6.7
1300       0      0      0    158    112     27    297    621   12.9
1400       0      0    132     82     30     15    259    880   18.3
1500       0      0     13    110     37     79    239   1119   23.2
1600       0      0      5    112    153      0    270   1389   28.8
1700       0      6     52     30    129      0    217   1606   33.3
1800       0      0      0    140    181      0    321   1927   40.0
1900       0      0     83     86     94      2    265   2192   45.5
2000       0     62    166     87      0      0    315   2507   52.0
2100       0    111     81     72      0      0    264   2771   57.5
2200       0     81    170     46      0      0    297   3068   63.7
2300       0    113    108      0      0      0    221   3289   68.3
0000       0     55     50     83      0      0    188   3477   72.2
0100       0     31     50     71      0      0    152   3629   75.3
0200       0     39     34     53      0      0    126   3755   77.9
0300       0     46     46      6      0      0     98   3853   80.0
0400       0     31     69      2      3      0    105   3958   82.1
0500       0      0     68     29      0      0     97   4055   84.1
0600       0      0     58     48      9      6    121   4176   86.7
0700       0      0      9     79     23     13    124   4300   89.2
0800       0      0      0     36     34     33    103   4403   91.4
0900       0      0      0     81     43     66    190   4593   95.3
1000       0      0      0     35     48     33    116   4709   97.7
1100       0      0      0     53     42     15    110   4819  100.0
------------------------------------------------------
Total      0    575   1194   1681   1036    333   4819

Gross QSOs=4910        Dupes=91        Net QSOs=4819

Unique callsigns worked = 2434

The best 60 minute rate was 331/hour from 1202 to 1301
The best 30 minute rate was 362/hour from 1320 to 1349
The best 10 minute rate was 420/hour from 1332 to 1341

The best 1 minute rates were:
 9 QSOs/minute    8 times.
 8 QSOs/minute   32 times.
 7 QSOs/minute   82 times.
 6 QSOs/minute  129 times.
 5 QSOs/minute  172 times.
 4 QSOs/minute  217 times.
 3 QSOs/minute  238 times.
 2 QSOs/minute  242 times.
 1 QSOs/minute  217 times.

Number of letters in callsigns
Letters  # worked
-----------------
   3        35
   4      1867
   5      1856
   6      1007
   7        22
   8        20
   9         6
  10         6

------------ M u l t i p l i e r   S u m m a r y ------------
Mult     160     80     40     20     15     10  Total    Pct
-------------------------------------------------------------
28         0    258    507    622    455    207   2049   42.5
08         0     30    163    353    210      4    760   15.8
29         0     52    141    258     84     28    563   11.7
27         0    150    194     94     57     54    549   11.4
18         0     25     51     52     19      2    149    3.1
07         0      0      7     68     47      0    122    2.5
30         0      5     32     37     25      2    101    2.1
06         0      0      1     35     30      0     66    1.4
04         0      2     10     29     16      0     57    1.2
37         0      3     10     14      9      5     41    0.9
39         0      3      8      7      8      3     29    0.6
09         0      2      2     13      7      0     24    0.5
11         0      1      6     12      3      0     22    0.5
32         0      0      1      7      4      0     12    0.2
31         0      0      1      5      5      0     11    0.2
ZRS        0      2      2      2      2      2     10    0.2
HRS        0      2      2      2      2      2     10    0.2
URE        0      2      2      2      2      2     10    0.2
SRS        0      2      2      2      2      2     10    0.2
15         0      0      4      2      2      0      8    0.2
FRR        0      2      1      2      1      2      8    0.2
R1         0      2      1      2      2      1      8    0.2
PZK        0      2      1      2      2      1      8    0.2
SRR        0      2      2      2      2      0      8    0.2
RSGB       0      2      2      1      2      1      8    0.2
MRASZ      0      2      1      2      1      2      8    0.2
DARC       0      2      2      1      1      1      7    0.1
BFRA       0      1      1      2      2      1      7    0.1
SSA        0      1      2      2      1      1      7    0.1
ARABH      0      1      1      1      2      2      7    0.1
USKA       0      2      0      2      1      2      7    0.1
SRAL       0      1      2      2      1      0      6    0.1
BFRR       0      1      1      1      2      1      6    0.1
OV         0      2      1      1      2      0      6    0.1
02         0      0      0      4      2      0      6    0.1
19         0      0      1      3      0      1      5    0.1
45         0      0      0      1      4      0      5    0.1
ARI        0      1      2      0      1      1      5    0.1
UBA        0      2      1      2      0      0      5    0.1
VERON      0      2      2      0      0      1      5    0.1
REF        0      2      2      1      0      0      5    0.1
03         0      0      0      3      2      0      5    0.1
IRA        0      1      2      2      0      0      5    0.1
54         0      0      2      1      1      0      4    0.1
42         0      0      1      1      2      0      4    0.1
36         0      1      1      1      1      0      4    0.1
44         0      0      1      1      2      0      4    0.1
60         0      0      2      2      0      0      4    0.1
17         0      0      1      1      0      1      3    0.1
IARU       0      0      1      1      1      0      3    0.1
14         0      1      0      1      1      0      3    0.1
48         0      0      1      1      1      0      3    0.1
49         0      0      0      2      1      0      3    0.1
EDR        0      1      1      1      0      0      3    0.1
RSM        0      0      1      1      1      0      3    0.1
41         0      0      1      1      0      0      2    0.0
ARAT       0      0      0      1      1      0      2    0.0
57         0      0      0      1      1      0      2    0.0
75         0      0      0      2      0      0      2    0.0
10         0      0      0      2      0      0      2    0.0
12         0      0      1      0      1      0      2    0.0
BARC       0      0      1      1      0      0      2    0.0
ARM        0      0      0      0      1      1      2    0.0
ERAU       0      0      1      0      0      0      1    0.0
ROARS      0      0      0      1      0      0      1    0.0
028        0      1      0      0      0      0      1    0.0
46         0      0      1      0      0      0      1    0.0
16         0      0      1      0      0      0      1    0.0
MARP       0      0      1      0      0      0      1    0.0
ARRL       0      0      0      1      0      0      1    0.0
IRTS       0      1      0      0      0      0      1    0.0
AC         0      0      1      0      0      0      1    0.0
20         0      0      0      1      0      0      1    0.0
59         0      0      0      1      0      0      1    0.0
58         0      0      0      0      1      0      1    0.0
------------------------------------------------------
Total      0    575   1194   1681   1036    333   4819

Multi-band QSOs
---------------
1 bands    1312
2 bands     546
3 bands     300
4 bands     192
5 bands      84
6 bands       0

------- S i n g l e   B a n d   Q S O s ------
Band    160     80     40     20     15     10
----------------------------------------------
QSOs      0     71    299    659    233     50
