Cabrillo Statistics           (Version 10g)           by K5KA & N6TV
http://bit.ly/cabstat

CONTEST: IARU-HF
CALLSIGN: MB1I
CATEGORY-OPERATOR: MULTI-OP
CATEGORY-TRANSMITTER: TWO
OPERATORS: E77DX DJ4MX

**  0  ****** Q S O   R a t e   S u m m a r y **************

Hour     160     80     40     20     15     10  Total    Pct
-------------------------------------------------------------
1200       0      0      0    219      0      0    219    7.1
1300       0      0      0    206      0      0    206   13.8
1400       0      0      0    171      0      0    171   19.3
1500       0      0      0    167      0      0    167   24.7
1600       0      0      0    103      0     11    114   28.4
1700       0      0      0      1      0    155    156   33.5
1800       0      0      0      0     93     88    181   39.4
1900       0      0      0      0     76     37    113   43.0
2000       0      0      0      3    104      1    108   46.5
2100       0      0      0    132     26      0    158   51.6
2200       0      0     80     78     13      0    171   57.2
2300       0      0     61     95      0      0    156   62.2
0000       0      0     22    130      0      0    152   67.2
0100       0      2    125      0      0      0    127   71.3
0200       0     25     38      0      0      0     63   73.3
0300       0      0     98      0      0      0     98   76.5
0400       0      0     71      0      0      0     71   78.8
0500       0      0     78      0      0      0     78   81.3
0600       0      7     90      0      0      0     97   84.5
0700       0      0      0     59     21      0     80   87.1
0800       0      0      0    108     26      0    134   91.4
0900       0      0      0      1     81      0     82   94.1
1000       0      0      0     39     53      5     97   97.2
1100       0      0     27      0     58      1     86  100.0
------------------------------------------------------
Total      0     34    690   1512    551    298   3085


**  1  ****** Q S O   R a t e   S u m m a r y **************

Hour     160     80     40     20     15     10  Total    Pct
-------------------------------------------------------------
1200       0      0      0      0    207      0    207    7.3
1300       0      0      0      0    117      8    125   11.7
1400       0      0      0      0      0     95     95   15.0
1500       0      0      0      0     96     19    115   19.1
1600       0      0      0      0    147      0    147   24.2
1700       0      0      0      0    140      0    140   29.2
1800       0      0      0    107      4      0    111   33.1
1900       0      0    184      4      0      0    188   39.7
2000       0      0    188      0      0      0    188   46.3
2100       0      0    140      0      0      0    140   51.2
2200       0    156     16      0      0      0    172   57.3
2300       0    114      0      0      0      0    114   61.3
0000       0    132      2      0      0      0    134   66.0
0100       0     73      0     37      0      0    110   69.9
0200       0      0      0     96      0      0     96   73.3
0300       0     53      0     17      0      0     70   75.7
0400       0      1      0     32      4      0     37   77.0
0500       0      7      0     44      7      0     58   79.1
0600       0      0      0     83      1      0     84   82.0
0700       0      0     31     34     16      3     84   85.0
0800       0      0      0      0     48     37     85   88.0
0900       0      0      0      0      0    108    108   91.8
1000       0      0      0     69      0     34    103   95.4
1100       0      0      0    130      0      1    131  100.0
------------------------------------------------------
Total      0    536    561    653    787    305   2842


-------------- Q S O   R a t e   S u m m a r y ---------------------
Hour     160     80     40     20     15     10    Rate Total    Pct
--------------------------------------------------------------------
1200       0      0      0    219    207      0    426    426    7.2
1300       0      0      0    206    117      8    331    757   12.8
1400       0      0      0    171      0     95    266   1023   17.3
1500       0      0      0    167     96     19    282   1305   22.0
1600       0      0      0    103    147     11    261   1566   26.4
1700       0      0      0      1    140    155    296   1862   31.4
1800       0      0      0    107     97     88    292   2154   36.3
1900       0      0    184      4     76     37    301   2455   41.4
2000       0      0    188      3    104      1    296   2751   46.4
2100       0      0    140    132     26      0    298   3049   51.4
2200       0    156     96     78     13      0    343   3392   57.2
2300       0    114     61     95      0      0    270   3662   61.8
0000       0    132     24    130      0      0    286   3948   66.6
0100       0     75    125     37      0      0    237   4185   70.6
0200       0     25     38     96      0      0    159   4344   73.3
0300       0     53     98     17      0      0    168   4512   76.1
0400       0      1     71     32      4      0    108   4620   77.9
0500       0      7     78     44      7      0    136   4756   80.2
0600       0      7     90     83      1      0    181   4937   83.3
0700       0      0     31     93     37      3    164   5101   86.1
0800       0      0      0    108     74     37    219   5320   89.8
0900       0      0      0      1     81    108    190   5510   93.0
1000       0      0      0    108     53     39    200   5710   96.3
1100       0      0     27    130     58      2    217   5927  100.0
------------------------------------------------------
Total      0    570   1251   2165   1338    603   5927

Gross QSOs=6098        Dupes=171        Net QSOs=5927

Unique callsigns worked = 2756

The best 60 minute rate was 432/hour from 1203 to 1302
The best 30 minute rate was 448/hour from 1223 to 1252
The best 10 minute rate was 480/hour from 1243 to 1252

The best 1 minute rates were:
12 QSOs/minute    1 times.
11 QSOs/minute    0 times.
10 QSOs/minute    8 times.
 9 QSOs/minute   30 times.
 8 QSOs/minute   67 times.
 7 QSOs/minute  100 times.
 6 QSOs/minute  174 times.
 5 QSOs/minute  212 times.
 4 QSOs/minute  265 times.
 3 QSOs/minute  227 times.
 2 QSOs/minute  175 times.
 1 QSOs/minute  134 times.

Number of letters in callsigns
Letters  # worked
-----------------
   3        45
   4      2190
   5      2278
   6      1342
   7        27
   8        29
   9         7
  10         8

------------ M u l t i p l i e r   S u m m a r y ------------
Mult     160     80     40     20     15     10  Total    Pct
-------------------------------------------------------------
28         0    236    543    885    642    433   2739   46.2
08         0     29    172    366    210      0    777   13.1
29         0     70    147    311    128     43    699   11.8
27         0    141    181    135     85     60    602   10.2
18         0     29     52     69     28      0    178    3.0
07         0      0      9     71     48      0    128    2.2
30         0      8     29     54     29      0    120    2.0
37         0      7     17     31     13      8     76    1.3
06         0      0      2     45     26      0     73    1.2
04         0      1     12     31     15      0     59    1.0
39         0      2      6     24      9      5     46    0.8
11         0      1      8     13     12      1     35    0.6
09         0      1      5     14      7      0     27    0.5
15         0      0      4      3      3     10     20    0.3
31         0      0      1      9      8      0     18    0.3
32         0      0      1     10      3      0     14    0.2
ZRS        0      2      2      2      2      2     10    0.2
HRS        0      2      2      2      2      2     10    0.2
PZK        0      2      2      2      2      2     10    0.2
FRR        0      2      2      2      2      2     10    0.2
URE        0      2      2      2      2      2     10    0.2
14         0      0      2      5      2      1     10    0.2
SRR        0      2      2      2      2      1      9    0.2
REF        0      2      2      2      2      1      9    0.2
36         0      2      1      2      2      2      9    0.2
RSGB       0      2      2      1      2      2      9    0.2
MRASZ      0      2      2      2      1      2      9    0.2
ARABH      0      2      2      2      1      2      9    0.2
OV         0      2      1      2      2      2      9    0.2
DARC       0      2      2      1      2      2      9    0.2
SRS        0      2      1      2      2      2      9    0.2
R1         0      1      1      2      3      1      8    0.1
SSA        0      1      2      2      1      2      8    0.1
BFRA       0      1      2      2      2      1      8    0.1
USKA       0      2      1      1      1      2      7    0.1
SRAL       0      2      2      1      1      1      7    0.1
12         0      0      2      3      2      0      7    0.1
44         0      0      1      3      2      0      6    0.1
BFRR       0      2      1      1      1      1      6    0.1
UBA        0      2      1      1      2      0      6    0.1
ARI        0      1      2      1      1      1      6    0.1
RCA        0      0      1      1      1      2      5    0.1
17         0      0      2      3      0      0      5    0.1
ERAU       0      1      1      2      1      0      5    0.1
45         0      0      0      2      2      0      4    0.1
KFRR       0      0      0      2      2      0      4    0.1
BARC       0      0      0      2      2      0      4    0.1
ARM        0      0      1      1      1      1      4    0.1
02         0      0      0      3      1      0      4    0.1
EDR        0      1      2      0      0      1      4    0.1
VERON      0      1      2      0      1      0      4    0.1
IRA        0      1      2      0      1      0      4    0.1
49         0      0      0      2      1      0      3    0.1
42         0      0      0      1      2      0      3    0.1
20         0      0      0      3      0      0      3    0.1
RSM        0      0      1      1      0      1      3    0.1
48         0      0      1      1      1      0      3    0.1
61         0      0      0      2      1      0      3    0.1
IARU       0      0      1      1      1      0      3    0.1
ARAT       0      0      0      1      1      0      2    0.0
41         0      0      0      2      0      0      2    0.0
AFVL       0      0      0      1      0      1      2    0.0
75         0      0      0      2      0      0      2    0.0
54         0      0      0      1      1      0      2    0.0
13         0      0      1      0      0      1      2    0.0
IRTS       0      0      1      0      1      0      2    0.0
ARRL       0      0      1      1      0      0      2    0.0
03         0      0      0      2      0      0      2    0.0
MARP       0      1      0      1      0      0      2    0.0
60         0      0      1      1      0      0      2    0.0
AC         0      0      1      1      0      0      2    0.0
ROARS      0      0      0      1      1      0      2    0.0
19         0      0      0      2      0      0      2    0.0
REP        0      0      0      1      0      0      1    0.0
16         0      0      0      0      1      0      1    0.0
57         0      0      0      0      1      0      1    0.0
CRAC       0      0      0      1      0      0      1    0.0
89         0      0      0      0      1      0      1    0.0
59         0      0      1      0      0      0      1    0.0
NARL       0      0      0      0      1      0      1    0.0
52         0      0      0      0      1      0      1    0.0
58         0      0      0      0      1      0      1    0.0
TRAC       0      0      0      1      0      0      1    0.0
------------------------------------------------------
Total      0    570   1251   2165   1338    603   5927

Multi-band QSOs
---------------
1 bands    1460
2 bands     618
3 bands     343
4 bands     211
5 bands     124
6 bands       0

------- S i n g l e   B a n d   Q S O s ------
Band    160     80     40     20     15     10
----------------------------------------------
QSOs      0     65    257    806    242     90
