Cabrillo Statistics           (Version 10g)           by K5KA & N6TV
http://bit.ly/cabstat

CONTEST: IARU-HF
CALLSIGN: MB1N
CATEGORY-OPERATOR: MULTI-OP
CATEGORY-TRANSMITTER: TWO
OPERATORS: MB1N

**  1  ****** Q S O   R a t e   S u m m a r y **************

Hour     160     80     40     20     15     10  Total    Pct
-------------------------------------------------------------
1200       0      0      0    152      0      0    152    6.6
1300       0      0      0    152      0      0    152   13.3
1400       0      0      0     37      0     38     75   16.6
1500       0      0      0    147      0      0    147   23.0
1600       0      0      0    135      0      0    135   28.9
1700       0      0      0     97      0      0     97   33.2
1800       0      0      0     14      0     85     99   37.5
1900       0      0      0    147      0      0    147   43.9
2000       0      0      0    120      0      0    120   49.2
2100       0      0      0    145      0      0    145   55.5
2200       0      0      0     90      0      0     90   59.4
2300       0      0      0    103      0      0    103   64.0
0000       0      0      0     98      0      0     98   68.2
0100       0     79      0     12      0      0     91   72.2
0200       0     50      0      4      0      0     54   74.6
0300       0     47      0      2      0      0     49   76.7
0400       0      0      0     28      0      0     28   78.0
0500       0      0      0     69      0      0     69   81.0
0600       0      0      0     71      0      0     71   84.1
0700       0      0      0     82      0      0     82   87.7
0800       0      0      0     55      0      7     62   90.4
0900       0      0      0     64     14      0     78   93.8
1000       0      0      0      8      0     68     76   97.1
1100       0      0      0     49      0     17     66  100.0
------------------------------------------------------
Total      0    176      0   1881     14    215   2286


**  0  ****** Q S O   R a t e   S u m m a r y **************

Hour     160     80     40     20     15     10  Total    Pct
-------------------------------------------------------------
1200       0      0      0      0    104      0    104    4.8
1300       0      0      0      0    141      0    141   11.2
1400       0      0      0      0    115      0    115   16.5
1500       0      0      0      0     59     24     83   20.3
1600       0      0      0      0     26     44     70   23.5
1700       0      0    104      0     26      0    130   29.5
1800       0      0    109      0      0      0    109   34.5
1900       0     31      0      0     62      0     93   38.7
2000       0      0    132      0      0      0    132   44.8
2100       0      0    162      0      0      0    162   52.2
2200       0     86      6      0     14      0    106   57.1
2300       0     17    100      0      0      0    117   62.4
0000       0    100      4      0      0      0    104   67.2
0100       0      0     81      7      1      0     89   71.3
0200       0      0     75      0      0      0     75   74.7
0300       0      0     78      0      0      0     78   78.3
0400       0      0     37      0      0      0     37   80.0
0500       0      0     44      0      8      0     52   82.4
0600       0      0     29      0     19      0     48   84.6
0700       0      0     17      0     40      0     57   87.2
0800       0      0     14      0     23      1     38   88.9
0900       0      0      0      0      7     67     74   92.3
1000       0      0      0      0     96      0     96   96.7
1100       0      0     14      0     54      4     72  100.0
------------------------------------------------------
Total      0    234   1006      7    795    140   2182


-------------- Q S O   R a t e   S u m m a r y ---------------------
Hour     160     80     40     20     15     10    Rate Total    Pct
--------------------------------------------------------------------
1200       0      0      0    152    104      0    256    256    5.7
1300       0      0      0    152    141      0    293    549   12.3
1400       0      0      0     37    115     38    190    739   16.5
1500       0      0      0    147     59     24    230    969   21.7
1600       0      0      0    135     26     44    205   1174   26.3
1700       0      0    104     97     26      0    227   1401   31.4
1800       0      0    109     14      0     85    208   1609   36.0
1900       0     31      0    147     62      0    240   1849   41.4
2000       0      0    132    120      0      0    252   2101   47.0
2100       0      0    162    145      0      0    307   2408   53.9
2200       0     86      6     90     14      0    196   2604   58.3
2300       0     17    100    103      0      0    220   2824   63.2
0000       0    100      4     98      0      0    202   3026   67.7
0100       0     79     81     19      1      0    180   3206   71.8
0200       0     50     75      4      0      0    129   3335   74.6
0300       0     47     78      2      0      0    127   3462   77.5
0400       0      0     37     28      0      0     65   3527   78.9
0500       0      0     44     69      8      0    121   3648   81.6
0600       0      0     29     71     19      0    119   3767   84.3
0700       0      0     17     82     40      0    139   3906   87.4
0800       0      0     14     55     23      8    100   4006   89.7
0900       0      0      0     64     21     67    152   4158   93.1
1000       0      0      0      8     96     68    172   4330   96.9
1100       0      0     14     49     54     21    138   4468  100.0
------------------------------------------------------
Total      0    410   1006   1888    809    355   4468

Gross QSOs=4564        Dupes=96        Net QSOs=4468

Unique callsigns worked = 2380

The best 60 minute rate was 322/hour from 2052 to 2151
The best 30 minute rate was 340/hour from 2107 to 2136
The best 10 minute rate was 384/hour from 2109 to 2118

The best 1 minute rates were:
11 QSOs/minute    2 times.
10 QSOs/minute    1 times.
 9 QSOs/minute    7 times.
 8 QSOs/minute   18 times.
 7 QSOs/minute   52 times.
 6 QSOs/minute   99 times.
 5 QSOs/minute  152 times.
 4 QSOs/minute  239 times.
 3 QSOs/minute  279 times.
 2 QSOs/minute  251 times.
 1 QSOs/minute  216 times.

Number of letters in callsigns
Letters  # worked
-----------------
   3        34
   4      1616
   5      1768
   6       997
   7        19
   8        22
   9         8
  10         4

------------ M u l t i p l i e r   S u m m a r y ------------
Mult     160     80     40     20     15     10  Total    Pct
-------------------------------------------------------------
28         0    167    421    784    389    247   2008   44.9
08         0     26    150    350    120      0    646   14.5
29         0     50    122    265     83     19    539   12.1
27         0    100    159    137     78     53    527   11.8
18         0     19     36     56     23      0    134    3.0
30         0      2     26     44     21      0     93    2.1
07         0      0      6     38     11      0     55    1.2
37         0      5     14     24      8      3     54    1.2
04         0      2      9     31      8      0     50    1.1
39         0      1      4     11      7      4     27    0.6
09         0      3      4     15      5      0     27    0.6
06         0      0      0     20      2      0     22    0.5
15         0      0      4      8      4      1     17    0.4
11         0      0      1     10      3      1     15    0.3
31         0      0      1      6      6      0     13    0.3
HRS        0      2      2      2      2      2     10    0.2
PZK        0      2      2      2      2      2     10    0.2
32         0      0      0      7      3      0     10    0.2
ZRS        0      1      2      2      2      2      9    0.2
URE        0      2      2      2      2      1      9    0.2
R1         0      1      2      3      2      0      8    0.2
BFRA       0      1      2      2      1      2      8    0.2
FRR        0      1      2      2      1      2      8    0.2
14         0      0      1      5      1      1      8    0.2
ARABH      0      2      1      1      1      2      7    0.2
BFRR       0      2      1      2      1      1      7    0.2
USKA       0      2      1      2      0      2      7    0.2
MRASZ      0      0      2      2      1      2      7    0.2
OV         0      1      1      2      1      2      7    0.2
SRS        0      1      1      2      1      2      7    0.2
RSGB       0      2      1      1      2      1      7    0.2
SSA        0      1      1      2      1      0      5    0.1
SRR        0      1      2      2      0      0      5    0.1
44         0      0      0      3      2      0      5    0.1
36         0      1      1      1      1      1      5    0.1
VERON      0      2      2      0      0      1      5    0.1
DARC       0      1      2      0      2      0      5    0.1
SRAL       0      1      2      2      0      0      5    0.1
12         0      0      1      2      1      0      4    0.1
17         0      1      1      2      0      0      4    0.1
REF        0      1      2      0      1      0      4    0.1
UBA        0      2      2      0      0      0      4    0.1
48         0      0      1      1      1      0      3    0.1
49         0      0      0      3      0      0      3    0.1
02         0      0      0      3      0      0      3    0.1
EDR        0      1      2      0      0      0      3    0.1
ARI        0      1      2      0      0      0      3    0.1
19         0      0      0      3      0      0      3    0.1
ARAT       0      0      0      1      1      0      2    0.0
89         0      0      0      2      0      0      2    0.0
42         0      0      0      0      2      0      2    0.0
54         0      0      1      1      0      0      2    0.0
45         0      0      0      2      0      0      2    0.0
58         0      0      0      1      1      0      2    0.0
KFRR       0      0      0      1      1      0      2    0.0
41         0      0      0      1      1      0      2    0.0
60         0      0      0      2      0      0      2    0.0
10         0      0      0      2      0      0      2    0.0
ERAU       0      1      1      0      0      0      2    0.0
IRA        0      0      1      0      1      0      2    0.0
MARP       0      1      0      1      0      0      2    0.0
20         0      0      0      1      0      0      1    0.0
RCA        0      0      0      0      0      1      1    0.0
AFVL       0      0      0      0      1      0      1    0.0
13         0      0      0      0      1      0      1    0.0
RORAS      0      0      0      1      0      0      1    0.0
ARM        0      0      0      1      0      0      1    0.0
SARS       0      0      0      1      0      0      1    0.0
IRTS       0      0      1      0      0      0      1    0.0
RSM        0      0      0      1      0      0      1    0.0
03         0      0      0      1      0      0      1    0.0
ARRL       0      0      0      1      0      0      1    0.0
05         0      0      0      1      0      0      1    0.0
IARU       0      0      1      0      0      0      1    0.0
57         0      0      0      1      0      0      1    0.0
UARL       0      0      0      1      0      0      1    0.0
53         0      0      0      1      0      0      1    0.0
75         0      0      0      1      0      0      1    0.0
------------------------------------------------------
Total      0    410   1006   1888    809    355   4468

Multi-band QSOs
---------------
1 bands    1417
2 bands     526
3 bands     243
4 bands     131
5 bands      63
6 bands       0

------- S i n g l e   B a n d   Q S O s ------
Band    160     80     40     20     15     10
----------------------------------------------
QSOs      0     62    263    851    175     66
