Cabrillo Statistics           (Version 10g)           by K5KA & N6TV
http://bit.ly/cabstat

CONTEST: IARU-HF
CALLSIGN: MB1S
CATEGORY-OPERATOR: MULTI-OP
CATEGORY-TRANSMITTER: TWO
OPERATORS: G4IRN GW4XUM

**  0  ****** Q S O   R a t e   S u m m a r y **************

Hour     160     80     40     20     15     10  Total    Pct
-------------------------------------------------------------
1200       0      0      0    184      0      0    184    7.1
1300       0      0      0    173      0      0    173   13.7
1400       0      0      0    162      0      0    162   19.9
1500       0      0      0     94     22      0    116   24.4
1600       0      0     12     38     30      0     80   27.5
1700       0      0      0     13    130      0    143   33.0
1800       0      0      0      0    175      0    175   39.7
1900       0      0    114      0     36      0    150   45.4
2000       0     10      0      0    113      0    123   50.2
2100       0    137      0      0      0      0    137   55.4
2200       0     73     69      0      0      0    142   60.9
2300       0     82     46      0      0      0    128   65.8
0000       0     14    115      0      0      0    129   70.8
0100       0     65     14      0      0      0     79   73.8
0200       0     12     21     34      0      0     67   76.4
0300       0     20      7      9      1      0     37   77.8
0400       0      0      0     33      1      0     34   79.1
0500       0      0      0     39      2      1     42   80.7
0600       0      0      0     98      0      0     98   84.5
0700       0      0      7     10     24      0     41   86.1
0800       0      0      3      5     59      3     70   88.7
0900       0      0      5     18      0     93    116   93.2
1000       0      0      0      0      0     77     77   96.2
1100       0      0      0    100      0      0    100  100.0
------------------------------------------------------
Total      0    413    413   1010    593    174   2603


**  1  ****** Q S O   R a t e   S u m m a r y **************

Hour     160     80     40     20     15     10  Total    Pct
-------------------------------------------------------------
1200       0      0      0      0    109     40    149    6.4
1300       0      0     51      0     72     14    137   12.2
1400       0      0      6      0     83     19    108   16.8
1500       0      0     53     15     25     11    104   21.3
1600       0      0     84     21     28      0    133   27.0
1700       0      0     22     42      0     82    146   33.2
1800       0     10     12     39      0     45    106   37.7
1900       0     18      0     87      0      0    105   42.2
2000       0     20     29     84      0      0    133   47.9
2100       0      0    103     30      0      0    133   53.6
2200       0      0     14    103      0      0    117   58.6
2300       0      0      0     36     10      0     46   60.6
0000       0     25      0     63      0      0     88   64.3
0100       0      4     13     61      0      0     78   67.6
0200       0     30     37      5      0      0     72   70.7
0300       0      9     57      3      0      0     69   73.7
0400       0      0     89      0      0      0     89   77.5
0500       0      0     48      1     18      1     68   80.4
0600       0      0     14      0     18      3     35   81.9
0700       0      0     21     19      8     13     61   84.5
0800       0      0      1     38      0     28     67   87.4
0900       0      0     13     86     12     14    125   92.7
1000       0      0      0     46     57      0    103   97.1
1100       0      0      9      0     53      6     68  100.0
------------------------------------------------------
Total      0    116    676    779    493    276   2340


-------------- Q S O   R a t e   S u m m a r y ---------------------
Hour     160     80     40     20     15     10    Rate Total    Pct
--------------------------------------------------------------------
1200       0      0      0    184    109     40    333    333    6.7
1300       0      0     51    173     72     14    310    643   13.0
1400       0      0      6    162     83     19    270    913   18.5
1500       0      0     53    109     47     11    220   1133   22.9
1600       0      0     96     59     58      0    213   1346   27.2
1700       0      0     22     55    130     82    289   1635   33.1
1800       0     10     12     39    175     45    281   1916   38.8
1900       0     18    114     87     36      0    255   2171   43.9
2000       0     30     29     84    113      0    256   2427   49.1
2100       0    137    103     30      0      0    270   2697   54.6
2200       0     73     83    103      0      0    259   2956   59.8
2300       0     82     46     36     10      0    174   3130   63.3
0000       0     39    115     63      0      0    217   3347   67.7
0100       0     69     27     61      0      0    157   3504   70.9
0200       0     42     58     39      0      0    139   3643   73.7
0300       0     29     64     12      1      0    106   3749   75.8
0400       0      0     89     33      1      0    123   3872   78.3
0500       0      0     48     40     20      2    110   3982   80.6
0600       0      0     14     98     18      3    133   4115   83.2
0700       0      0     28     29     32     13    102   4217   85.3
0800       0      0      4     43     59     31    137   4354   88.1
0900       0      0     18    104     12    107    241   4595   93.0
1000       0      0      0     46     57     77    180   4775   96.6
1100       0      0      9    100     53      6    168   4943  100.0
------------------------------------------------------
Total      0    529   1089   1789   1086    450   4943

Gross QSOs=5080        Dupes=137        Net QSOs=4943

Unique callsigns worked = 2412

The best 60 minute rate was 354/hour from 1212 to 1311
The best 30 minute rate was 366/hour from 1242 to 1311
The best 10 minute rate was 492/hour from 1730 to 1739

The best 1 minute rates were:
11 QSOs/minute    1 times.
10 QSOs/minute    1 times.
 9 QSOs/minute   10 times.
 8 QSOs/minute   29 times.
 7 QSOs/minute   63 times.
 6 QSOs/minute  148 times.
 5 QSOs/minute  193 times.
 4 QSOs/minute  215 times.
 3 QSOs/minute  251 times.
 2 QSOs/minute  247 times.
 1 QSOs/minute  199 times.

Number of letters in callsigns
Letters  # worked
-----------------
   3        38
   4      1976
   5      1865
   6      1015
   7        18
   8        19
   9         8
  10         4

------------ M u l t i p l i e r   S u m m a r y ------------
Mult     160     80     40     20     15     10  Total    Pct
-------------------------------------------------------------
28         0    237    437    704    461    296   2135   43.2
08         0     21    183    321    222      0    747   15.1
29         0     60    128    267     99     36    590   11.9
27         0    138    166    111     82     74    571   11.6
18         0     26     43     57     22      2    150    3.0
07         0      0     12     66     45      0    123    2.5
30         0      3     27     45     21      1     97    2.0
06         0      0      0     34     26      0     60    1.2
04         0      1      9     29     13      0     52    1.1
37         0      4      9     18      7      7     45    0.9
39         0      2      7     14      8      4     35    0.7
09         0      1      5     12      8      0     26    0.5
11         0      0      6     11      6      1     24    0.5
32         0      0      1     10      3      0     14    0.3
31         0      0      1      7      3      0     11    0.2
FRR        0      2      2      2      2      2     10    0.2
ZRS        0      2      2      2      2      2     10    0.2
URE        0      2      2      2      2      2     10    0.2
R1         0      2      2      2      2      1      9    0.2
PZK        0      2      2      2      1      2      9    0.2
SRS        0      2      1      2      2      2      9    0.2
MRASZ      0      2      2      2      2      1      9    0.2
12         0      0      2      5      2      0      9    0.2
17         0      1      2      3      2      0      8    0.2
HRS        0      1      2      1      2      2      8    0.2
BFRA       0      1      2      2      2      1      8    0.2
OV         0      2      1      2      2      1      8    0.2
RSGB       0      1      2      1      2      1      7    0.1
36         0      1      1      1      2      2      7    0.1
ARABH      0      1      1      2      1      2      7    0.1
SRR        0      2      2      2      1      0      7    0.1
DARC       0      2      2      1      1      1      7    0.1
SRAL       0      1      2      2      2      0      7    0.1
USKA       0      1      1      2      1      2      7    0.1
REF        0      1      2      2      1      1      7    0.1
14         0      1      1      3      1      0      6    0.1
SSA        0      1      2      2      1      0      6    0.1
15         0      0      2      1      3      0      6    0.1
BFRR       0      0      1      1      2      1      5    0.1
UBA        0      1      1      1      1      0      4    0.1
VERON      0      1      1      0      1      1      4    0.1
EDR        0      1      2      1      0      0      4    0.1
02         0      0      0      3      1      0      4    0.1
IRA        0      1      2      1      0      0      4    0.1
60         0      0      1      3      0      0      4    0.1
10         0      0      0      3      0      0      3    0.1
44         0      0      0      1      2      0      3    0.1
19         0      0      1      2      0      0      3    0.1
42         0      0      1      1      1      0      3    0.1
41         0      0      0      2      1      0      3    0.1
ARI        0      1      1      1      0      0      3    0.1
ARAT       0      0      0      1      1      0      2    0.0
54         0      0      0      1      1      0      2    0.0
48         0      0      0      1      1      0      2    0.0
BARC       0      0      0      1      1      0      2    0.0
ARRL       0      0      0      1      1      0      2    0.0
IARU       0      0      1      1      0      0      2    0.0
57         0      0      0      1      1      0      2    0.0
TRAC       0      0      0      1      0      1      2    0.0
PK         0      0      0      0      1      0      1    0.0
50         0      0      0      1      0      0      1    0.0
RCA        0      0      0      0      0      1      1    0.0
61         0      0      0      1      0      0      1    0.0
49         0      0      0      1      0      0      1    0.0
03         0      0      0      1      0      0      1    0.0
75         0      0      0      1      0      0      1    0.0
SARS       0      0      0      1      0      0      1    0.0
59         0      0      0      0      1      0      1    0.0
NARG       0      0      1      0      0      0      1    0.0
AC         0      0      1      0      0      0      1    0.0
20         0      0      0      1      0      0      1    0.0
ERAU       0      0      0      0      1      0      1    0.0
ARUKR      0      0      0      0      1      0      1    0.0
IRTS       0      0      1      0      0      0      1    0.0
WIA        0      0      0      1      0      0      1    0.0
KFRR       0      0      0      0      1      0      1    0.0
UARL       0      0      0      1      0      0      1    0.0
58         0      0      0      0      1      0      1    0.0
------------------------------------------------------
Total      0    529   1089   1789   1086    450   4943

Multi-band QSOs
---------------
1 bands    1273
2 bands     531
3 bands     320
4 bands     186
5 bands     102
6 bands       0

------- S i n g l e   B a n d   Q S O s ------
Band    160     80     40     20     15     10
----------------------------------------------
QSOs      0     67    267    664    207     68
