Cabrillo Statistics           (Version 10g)           by K5KA & N6TV
http://bit.ly/cabstat

CONTEST: IARU-HF
CALLSIGN: MB1T
CATEGORY-OPERATOR: MULTI-OP
CATEGORY-TRANSMITTER: TWO
OPERATORS: K5ZD W2SC

**  0  ****** Q S O   R a t e   S u m m a r y **************

Hour     160     80     40     20     15     10  Total    Pct
-------------------------------------------------------------
1200       0      0      0    222      2      0    224    7.8
1300       0      0      0    191      1      0    192   14.6
1400       0      0      0    153      0      0    153   19.9
1500       0      0      0     72      0     42    114   23.9
1600       0      0      0     90     14      1    105   27.6
1700       0      0      0     42    108      0    150   32.8
1800       0      0      0      0    175      0    175   39.0
1900       0      0      0      0    131      0    131   43.5
2000       0      0    104      0     45      0    149   48.8
2100       0      0    150      0      0      0    150   54.0
2200       0     14     82      0      0      0     96   57.4
2300       0      0    141      0      0      0    141   62.3
0000       0      0    110      0      0      0    110   66.2
0100       0     48     52      0      0      0    100   69.7
0200       0     63      9      0      0      0     72   72.2
0300       0      0     88      0      0      0     88   75.3
0400       0      0     84      0      0      0     84   78.2
0500       0      0     55      0      0      0     55   80.1
0600       0      0     36      0     17      0     53   82.0
0700       0      0      0     88      5      0     93   85.2
0800       0      0      0    109      0      0    109   89.0
0900       0      0      0    119      0      0    119   93.2
1000       0      0      0     98      0      0     98   96.6
1100       0      0      0     96      0      0     96  100.0
------------------------------------------------------
Total      0    125    911   1280    498     43   2857


**  1  ****** Q S O   R a t e   S u m m a r y **************

Hour     160     80     40     20     15     10  Total    Pct
-------------------------------------------------------------
1200       0      0      0      0    166     32    198    7.0
1300       0      0     16      0     77     31    124   11.3
1400       0      0    147      0     24      3    174   17.4
1500       0      0     23     18    129      0    170   23.4
1600       0      4     65      0     58     15    142   28.4
1700       0      1     64     35      0     29    129   32.9
1800       0      0     65     55      0     19    139   37.8
1900       0     60     31      0      0     13    104   41.5
2000       0      2      0    163      0      2    167   47.3
2100       0     99      0     14      9      0    122   51.6
2200       0     71      0     49     10      1    131   56.2
2300       0      0      0    191      0      0    191   62.9
0000       0    130      0      9      1      0    140   67.8
0100       0      0     11    128      0      0    139   72.7
0200       0      0     26     56      0      0     82   75.6
0300       0     41      0     11      2      0     54   77.5
0400       0      1      0     46      0      0     47   79.2
0500       0      0      0     42      2      1     45   80.7
0600       0      0      0    116      0      0    116   84.8
0700       0      0     42      0     13      9     64   87.1
0800       0      0      4      0     71      6     81   89.9
0900       0      0      0      0     44     79    123   94.2
1000       0      0      2      0     26     55     83   97.2
1100       0      0      7      0     71      3     81  100.0
------------------------------------------------------
Total      0    409    503    933    703    298   2846


-------------- Q S O   R a t e   S u m m a r y ---------------------
Hour     160     80     40     20     15     10    Rate Total    Pct
--------------------------------------------------------------------
1200       0      0      0    222    168     32    422    422    7.4
1300       0      0     16    191     78     31    316    738   12.9
1400       0      0    147    153     24      3    327   1065   18.7
1500       0      0     23     90    129     42    284   1349   23.7
1600       0      4     65     90     72     16    247   1596   28.0
1700       0      1     64     77    108     29    279   1875   32.9
1800       0      0     65     55    175     19    314   2189   38.4
1900       0     60     31      0    131     13    235   2424   42.5
2000       0      2    104    163     45      2    316   2740   48.0
2100       0     99    150     14      9      0    272   3012   52.8
2200       0     85     82     49     10      1    227   3239   56.8
2300       0      0    141    191      0      0    332   3571   62.6
0000       0    130    110      9      1      0    250   3821   67.0
0100       0     48     63    128      0      0    239   4060   71.2
0200       0     63     35     56      0      0    154   4214   73.9
0300       0     41     88     11      2      0    142   4356   76.4
0400       0      1     84     46      0      0    131   4487   78.7
0500       0      0     55     42      2      1    100   4587   80.4
0600       0      0     36    116     17      0    169   4756   83.4
0700       0      0     42     88     18      9    157   4913   86.1
0800       0      0      4    109     71      6    190   5103   89.5
0900       0      0      0    119     44     79    242   5345   93.7
1000       0      0      2     98     26     55    181   5526   96.9
1100       0      0      7     96     71      3    177   5703  100.0
------------------------------------------------------
Total      0    534   1414   2213   1201    341   5703

Gross QSOs=5828        Dupes=125        Net QSOs=5703

Unique callsigns worked = 2747

The best 60 minute rate was 427/hour from 1201 to 1300
The best 30 minute rate was 450/hour from 1204 to 1233
The best 10 minute rate was 492/hour from 1205 to 1214

The best 1 minute rates were:
11 QSOs/minute    3 times.
10 QSOs/minute    7 times.
 9 QSOs/minute   26 times.
 8 QSOs/minute   54 times.
 7 QSOs/minute  111 times.
 6 QSOs/minute  153 times.
 5 QSOs/minute  199 times.
 4 QSOs/minute  247 times.
 3 QSOs/minute  224 times.
 2 QSOs/minute  219 times.
 1 QSOs/minute  146 times.

Number of letters in callsigns
Letters  # worked
-----------------
   3        42
   4      2249
   5      2165
   6      1189
   7        24
   8        24
   9         8
  10         2

------------ M u l t i p l i e r   S u m m a r y ------------
Mult     160     80     40     20     15     10  Total    Pct
-------------------------------------------------------------
28         0    213    570    861    470    186   2300   40.3
08         0     30    213    395    245      0    883   15.5
29         0     67    160    335    106     37    705   12.4
27         0    132    258    150     86     64    690   12.1
18         0     25     53     72     19      3    172    3.0
07         0      0     16     81     67      0    164    2.9
30         0      5     28     53     30      3    119    2.1
06         0      0      1     32     35      0     68    1.2
04         0      2     12     38     15      0     67    1.2
37         0      9     14     28     12      2     65    1.1
11         0      1      9     18      8      5     41    0.7
09         0      3      8     15      8      0     34    0.6
39         0      1      7     13      8      2     31    0.5
31         0      0      1     12      8      0     21    0.4
32         0      0      1      9      5      0     15    0.3
15         0      1      3      3      5      2     14    0.2
14         0      1      1      5      5      1     13    0.2
HRS        0      2      2      2      2      2     10    0.2
PZK        0      2      2      2      2      2     10    0.2
ZRS        0      2      2      2      2      2     10    0.2
R1         0      1      4      3      1      1     10    0.2
URE        0      2      2      2      2      2     10    0.2
BFRR       0      2      2      2      2      2     10    0.2
RSGB       0      2      2      2      2      2     10    0.2
SRS        0      2      2      2      2      2     10    0.2
BFRA       0      1      2      2      2      2      9    0.2
12         0      0      1      4      3      1      9    0.2
FRR        0      2      1      2      1      2      8    0.1
DARC       0      2      2      1      1      2      8    0.1
REF        0      1      2      2      2      1      8    0.1
ARABH      0      2      1      2      1      2      8    0.1
OV         0      2      1      1      2      2      8    0.1
UBA        0      2      2      2      1      1      8    0.1
17         0      0      2      3      2      0      7    0.1
SSA        0      1      2      1      1      2      7    0.1
SRAL       0      1      2      2      2      0      7    0.1
SRR        0      2      2      2      1      0      7    0.1
MRASZ      0      2      2      2      1      0      7    0.1
02         0      0      0      5      2      0      7    0.1
45         0      0      0      1      5      0      6    0.1
19         0      0      1      4      1      0      6    0.1
USKA       0      2      1      2      0      1      6    0.1
10         0      0      1      3      2      0      6    0.1
VERON      0      2      2      0      1      1      6    0.1
ARI        0      1      1      1      1      1      5    0.1
44         0      0      0      2      2      0      4    0.1
EDR        0      1      2      1      0      0      4    0.1
ARRL       0      0      1      2      1      0      4    0.1
IRA        0      1      2      1      0      0      4    0.1
BARC       0      0      0      2      1      0      3    0.1
42         0      0      0      1      2      0      3    0.1
IRTS       0      0      1      1      1      0      3    0.1
KFRR       0      0      0      2      1      0      3    0.1
36         0      1      0      1      1      0      3    0.1
49         0      0      0      1      2      0      3    0.1
RSM        0      1      2      0      0      0      3    0.1
AC         0      1      1      1      0      0      3    0.1
41         0      0      0      1      1      0      2    0.0
NARL       0      0      1      0      0      1      2    0.0
ARAT       0      0      0      1      1      0      2    0.0
03         0      0      0      1      1      0      2    0.0
48         0      0      0      1      1      0      2    0.0
RCA        0      0      0      0      0      2      2    0.0
RCCR       0      0      0      1      1      0      2    0.0
ERAU       0      1      1      0      0      0      2    0.0
60         0      0      1      1      0      0      2    0.0
59         0      0      0      2      0      0      2    0.0
AFVL       0      0      1      1      0      0      2    0.0
CRAC       0      0      0      0      2      0      2    0.0
54         0      0      0      1      0      0      1    0.0
75         0      0      0      1      0      0      1    0.0
61         0      0      0      0      1      0      1    0.0
ROARS      0      0      0      1      0      0      1    0.0
RCP        0      0      0      1      0      0      1    0.0
MARP       0      0      0      1      0      0      1    0.0
IARU       0      0      0      1      0      0      1    0.0
GRC        0      0      0      1      0      0      1    0.0
ARM        0      0      0      1      0      0      1    0.0
20         0      0      0      1      0      0      1    0.0
TRAC       0      0      0      1      0      0      1    0.0
43         0      0      0      0      1      0      1    0.0
50         0      0      0      0      1      0      1    0.0
58         0      0      0      0      1      0      1    0.0
------------------------------------------------------
Total      0    534   1414   2213   1201    341   5703

Multi-band QSOs
---------------
1 bands    1465
2 bands     595
3 bands     400
4 bands     179
5 bands     108
6 bands       0

------- S i n g l e   B a n d   Q S O s ------
Band    160     80     40     20     15     10
----------------------------------------------
QSOs      0     52    353    802    222     36
