Cabrillo Statistics           (Version 10g)           by K5KA & N6TV
http://bit.ly/cabstat

CONTEST: IARU-HF
CALLSIGN: MB2A
CATEGORY-OPERATOR: MULTI-OP
CATEGORY-TRANSMITTER: TWO
OPERATORS: US2YW IK4VET

**  1  ****** Q S O   R a t e   S u m m a r y **************

Hour     160     80     40     20     15     10  Total    Pct
-------------------------------------------------------------
1200       0      0      0    205      0      0    205    7.3
1300       0      0      0    201      0      0    201   14.4
1400       0      0      0    169      0      0    169   20.3
1500       0      0      0    131      0      0    131   25.0
1600       0      0    154      4      0      4    162   30.7
1700       0      0      0      1    133      0    134   35.5
1800       0      0      0      0     26    125    151   40.8
1900       0      0    125      0      0     31    156   46.3
2000       0     21     78      0     38      0    137   51.2
2100       0     52      0     12     53      0    117   55.3
2200       0    176      0      0      0      0    176   61.5
2300       0     50      0     52      2      0    104   65.2
0000       0      0      0    132      0      0    132   69.9
0100       0     53     20     18      0      0     91   73.1
0200       0      0     63      0      0      0     63   75.3
0300       0      0     27     26      0      0     53   77.2
0400       0      0     67      0      1      0     68   79.6
0500       0      0     39     11      4      0     54   81.5
0600       0      0      0     80      0      0     80   84.4
0700       0      0      0     46     24      8     78   87.1
0800       0      0      0      0     68     13     81   90.0
0900       0      0      0      3     87      0     90   93.2
1000       0      0      0    116      0      2    118   97.3
1100       0      0     25      0     21     29     75  100.0
------------------------------------------------------
Total      0    352    598   1207    457    212   2826


**  0  ****** Q S O   R a t e   S u m m a r y **************

Hour     160     80     40     20     15     10  Total    Pct
-------------------------------------------------------------
1200       0      0      0      0    200      0    200    7.4
1300       0      0      0      0     62     38    100   11.1
1400       0      0     22      0    101      0    123   15.7
1500       0      0     48      0     28     39    115   20.0
1600       0      0      0      0    122      8    130   24.8
1700       0      0      0     97      0     13    110   28.9
1800       0      0      0    117     51      0    168   35.1
1900       0      0      1      0    114     12    127   39.9
2000       0      0      0    107     14      5    126   44.5
2100       0      0     63     17     15      2     97   48.1
2200       0      0     93     41      3      0    137   53.2
2300       0      2    116      2      0      0    120   57.7
0000       0     75     49      0      0      0    124   62.3
0100       0     20      6     83      0      0    109   66.3
0200       0     22      0     75      0      0     97   69.9
0300       0     44     21      0      3      0     68   72.5
0400       0      3      0     32      0      0     35   73.8
0500       0      1     30     23      7      1     62   76.1
0600       0      1     57      0     15      0     73   78.8
0700       0      0     22     87     12      2    123   83.4
0800       0      0      0    122      5      0    127   88.1
0900       0      0      0     26      0     70     96   91.6
1000       0      0      0      3     83     21    107   95.6
1100       0      0      1    116      1      0    118  100.0
------------------------------------------------------
Total      0    168    529    948    836    211   2692


-------------- Q S O   R a t e   S u m m a r y ---------------------
Hour     160     80     40     20     15     10    Rate Total    Pct
--------------------------------------------------------------------
1200       0      0      0    205    200      0    405    405    7.3
1300       0      0      0    201     62     38    301    706   12.8
1400       0      0     22    169    101      0    292    998   18.1
1500       0      0     48    131     28     39    246   1244   22.5
1600       0      0    154      4    122     12    292   1536   27.8
1700       0      0      0     98    133     13    244   1780   32.3
1800       0      0      0    117     77    125    319   2099   38.0
1900       0      0    126      0    114     43    283   2382   43.2
2000       0     21     78    107     52      5    263   2645   47.9
2100       0     52     63     29     68      2    214   2859   51.8
2200       0    176     93     41      3      0    313   3172   57.5
2300       0     52    116     54      2      0    224   3396   61.5
0000       0     75     49    132      0      0    256   3652   66.2
0100       0     73     26    101      0      0    200   3852   69.8
0200       0     22     63     75      0      0    160   4012   72.7
0300       0     44     48     26      3      0    121   4133   74.9
0400       0      3     67     32      1      0    103   4236   76.8
0500       0      1     69     34     11      1    116   4352   78.9
0600       0      1     57     80     15      0    153   4505   81.6
0700       0      0     22    133     36     10    201   4706   85.3
0800       0      0      0    122     73     13    208   4914   89.1
0900       0      0      0     29     87     70    186   5100   92.4
1000       0      0      0    119     83     23    225   5325   96.5
1100       0      0     26    116     22     29    193   5518  100.0
------------------------------------------------------
Total      0    520   1127   2155   1293    423   5518

Gross QSOs=5632        Dupes=114        Net QSOs=5518

Unique callsigns worked = 2667

The best 60 minute rate was 415/hour from 1203 to 1302
The best 30 minute rate was 430/hour from 1210 to 1239
The best 10 minute rate was 528/hour from 2217 to 2226

The best 1 minute rates were:
12 QSOs/minute    1 times.
11 QSOs/minute    0 times.
10 QSOs/minute    8 times.
 9 QSOs/minute   15 times.
 8 QSOs/minute   42 times.
 7 QSOs/minute   88 times.
 6 QSOs/minute  175 times.
 5 QSOs/minute  189 times.
 4 QSOs/minute  239 times.
 3 QSOs/minute  268 times.
 2 QSOs/minute  215 times.
 1 QSOs/minute  154 times.

Number of letters in callsigns
Letters  # worked
-----------------
   3        41
   4      2080
   5      2131
   6      1206
   7        23
   8        21
   9         8
  10         8

------------ M u l t i p l i e r   S u m m a r y ------------
Mult     160     80     40     20     15     10  Total    Pct
-------------------------------------------------------------
28         0    223    506    862    540    259   2390   43.3
08         0     17    125    363    235      0    740   13.4
29         0     62    124    323    130     32    671   12.2
27         0    129    192    140     86     67    614   11.1
18         0     20     42     76     35      3    176    3.2
07         0      0      9     83     48      0    140    2.5
30         0      8     29     54     37      1    129    2.3
37         0      9     12     25     12      8     66    1.2
04         0      2      6     32     21      0     61    1.1
06         0      0      0     29     16      0     45    0.8
39         0      3      6     16      8      6     39    0.7
09         0      4      5     15      8      0     32    0.6
11         0      0      7     13     11      0     31    0.6
15         0      0      2      4     12      5     23    0.4
31         0      0      1      9      9      0     19    0.3
14         0      1      1      8      6      3     19    0.3
R1         0      2      4      2      3      2     13    0.2
12         0      0      3      3      3      2     11    0.2
HRS        0      2      2      2      2      2     10    0.2
PZK        0      2      2      2      2      2     10    0.2
32         0      0      1      5      4      0     10    0.2
ZRS        0      2      2      2      2      2     10    0.2
URE        0      2      2      2      2      2     10    0.2
SRS        0      2      2      2      2      2     10    0.2
FRR        0      2      1      2      2      2      9    0.2
44         0      0      1      2      6      0      9    0.2
BFRA       0      1      2      2      2      2      9    0.2
RSGB       0      2      2      1      2      2      9    0.2
SRR        0      2      2      2      2      1      9    0.2
SRAL       0      2      1      2      2      1      8    0.1
54         0      0      2      4      2      0      8    0.1
OV         0      1      1      2      2      2      8    0.1
ARABH      0      1      1      2      1      2      7    0.1
REF        0      1      2      2      1      1      7    0.1
17         0      1      2      3      1      0      7    0.1
DARC       0      1      2      1      2      1      7    0.1
MRASZ      0      2      1      2      1      1      7    0.1
36         0      1      1      1      3      1      7    0.1
SSA        0      1      2      2      1      0      6    0.1
VERON      0      2      2      0      1      1      6    0.1
USKA       0      2      1      1      1      1      6    0.1
UBA        0      2      2      1      0      1      6    0.1
EDR        0      1      2      2      1      0      6    0.1
49         0      0      0      3      2      0      5    0.1
02         0      0      0      5      0      0      5    0.1
BFRR       0      1      0      2      2      0      5    0.1
19         0      0      1      3      0      0      4    0.1
45         0      0      0      2      2      0      4    0.1
IRA        0      1      1      1      1      0      4    0.1
BARC       0      0      0      2      2      0      4    0.1
ARI        0      1      1      1      1      0      4    0.1
10         0      0      1      3      0      0      4    0.1
60         0      0      1      3      0      0      4    0.1
20         0      0      0      3      0      0      3    0.1
41         0      0      1      1      1      0      3    0.1
50         0      0      1      1      1      0      3    0.1
IRTS       0      1      1      1      0      0      3    0.1
42         0      0      0      2      1      0      3    0.1
RSM        0      1      1      0      0      1      3    0.1
ARAT       0      0      0      1      1      0      2    0.0
TRAC       0      0      0      1      0      1      2    0.0
ERAU       0      0      0      0      1      1      2    0.0
13         0      0      0      0      1      1      2    0.0
55         0      0      1      1      0      0      2    0.0
ARRL       0      0      0      1      1      0      2    0.0
AC         0      0      1      1      0      0      2    0.0
IARU       0      0      1      1      0      0      2    0.0
ROARS      0      0      0      1      1      0      2    0.0
KFRR       0      0      0      1      1      0      2    0.0
SARS       0      0      0      1      1      0      2    0.0
89         0      0      0      1      0      0      1    0.0
16         0      0      0      0      1      0      1    0.0
ARM        0      0      0      1      0      0      1    0.0
RCA        0      0      0      0      0      1      1    0.0
CRAC       0      0      0      1      0      0      1    0.0
GRC        0      0      0      1      0      0      1    0.0
43         0      0      0      1      0      0      1    0.0
57         0      0      0      1      0      0      1    0.0
KARL       0      0      0      0      1      0      1    0.0
WIA        0      0      0      0      1      0      1    0.0
AFVL       0      0      0      0      0      1      1    0.0
NARG       0      0      0      0      1      0      1    0.0
48         0      0      0      0      1      0      1    0.0
75         0      0      0      1      0      0      1    0.0
58         0      0      0      0      1      0      1    0.0
------------------------------------------------------
Total      0    520   1127   2155   1293    423   5518

Multi-band QSOs
---------------
1 bands    1464
2 bands     590
3 bands     318
4 bands     188
5 bands     107
6 bands       0

------- S i n g l e   B a n d   Q S O s ------
Band    160     80     40     20     15     10
----------------------------------------------
QSOs      0     60    245    826    268     65
