Cabrillo Statistics           (Version 10g)           by K5KA & N6TV
http://bit.ly/cabstat

CONTEST: IARU-HF
CALLSIGN: MB2D
CATEGORY-OPERATOR: MULTI-OP
CATEGORY-TRANSMITTER: TWO
OPERATORS: N1UR K1XM

**  1  ****** Q S O   R a t e   S u m m a r y **************

Hour     160     80     40     20     15     10  Total    Pct
-------------------------------------------------------------
1200       0      0      0    189      0      0    189    6.9
1300       0      0      0    119     33      0    152   12.5
1400       0      0      0     31     74     33    138   17.5
1500       0      0     57     65     33      0    155   23.2
1600       0      3     52     88      0      4    147   28.5
1700       0      0     37      0     18     77    132   33.4
1800       0      0      0     15    126      0    141   38.5
1900       0      0      0    133      0      2    135   43.4
2000       0    107      0      0     28      2    137   48.4
2100       0     71     93      0      0      0    164   54.4
2200       0     24    113      0      0      0    137   59.4
2300       0     93     18      0      0      0    111   63.5
0000       0      0    130      0      0      0    130   68.2
0100       0     62      0      3      0      0     65   70.6
0200       0      0      0     58      0      0     58   72.7
0300       0      0     89      6      0      0     95   76.2
0400       0      4     62      0      2      1     69   78.7
0500       0      1     44      0     17      0     62   81.0
0600       0      0     22      0     14      1     37   82.4
0700       0      0      0     68      1      1     70   84.9
0800       0      0      0     42      0     29     71   87.5
0900       0      0      0      0      0    100    100   91.2
1000       0      0      0     88      0     38    126   95.8
1100       0      0      0    116      0      0    116  100.0
------------------------------------------------------
Total      0    365    717   1021    346    288   2737


**  0  ****** Q S O   R a t e   S u m m a r y **************

Hour     160     80     40     20     15     10  Total    Pct
-------------------------------------------------------------
1200       0      0      0      0     72     35    107    4.2
1300       0      0     10      9     45     13     77    7.2
1400       0      0     41     53     79      0    173   14.0
1500       0      0      0     44      7    110    161   20.3
1600       0      0      0     60     93     10    163   26.7
1700       0      0     14     87     11      0    112   31.1
1800       0      0      0     72     14      4     90   34.7
1900       0      0     85      0     62      0    147   40.4
2000       0      0    128     18      0      0    146   46.2
2100       0      7      0      9     67      3     86   49.5
2200       0     42      0     94      0      0    136   54.9
2300       0     52     68     33      0      0    153   60.9
0000       0     65      0     18      0      0     83   64.1
0100       0      2     69     55      0      0    126   69.1
0200       0     24     23      0      0      0     47   70.9
0300       0     30      0     20      0      0     50   72.9
0400       0      0      0     33      0      0     33   74.2
0500       0      1      0     49      0      0     50   76.1
0600       0      0      0     77      0      0     77   79.2
0700       0      0     59      7     12      0     78   82.2
0800       0      0      4      0     92      0     96   86.0
0900       0      0     12    125     31      0    168   92.6
1000       0      0      0      0    130      0    130   97.7
1100       0      0      0      0     52      7     59  100.0
------------------------------------------------------
Total      0    223    513    863    767    182   2548


-------------- Q S O   R a t e   S u m m a r y ---------------------
Hour     160     80     40     20     15     10    Rate Total    Pct
--------------------------------------------------------------------
1200       0      0      0    189     72     35    296    296    5.6
1300       0      0     10    128     78     13    229    525    9.9
1400       0      0     41     84    153     33    311    836   15.8
1500       0      0     57    109     40    110    316   1152   21.8
1600       0      3     52    148     93     14    310   1462   27.7
1700       0      0     51     87     29     77    244   1706   32.3
1800       0      0      0     87    140      4    231   1937   36.7
1900       0      0     85    133     62      2    282   2219   42.0
2000       0    107    128     18     28      2    283   2502   47.3
2100       0     78     93      9     67      3    250   2752   52.1
2200       0     66    113     94      0      0    273   3025   57.2
2300       0    145     86     33      0      0    264   3289   62.2
0000       0     65    130     18      0      0    213   3502   66.3
0100       0     64     69     58      0      0    191   3693   69.9
0200       0     24     23     58      0      0    105   3798   71.9
0300       0     30     89     26      0      0    145   3943   74.6
0400       0      4     62     33      2      1    102   4045   76.5
0500       0      2     44     49     17      0    112   4157   78.7
0600       0      0     22     77     14      1    114   4271   80.8
0700       0      0     59     75     13      1    148   4419   83.6
0800       0      0      4     42     92     29    167   4586   86.8
0900       0      0     12    125     31    100    268   4854   91.8
1000       0      0      0     88    130     38    256   5110   96.7
1100       0      0      0    116     52      7    175   5285  100.0
------------------------------------------------------
Total      0    588   1230   1884   1113    470   5285

Gross QSOs=5385        Dupes=100        Net QSOs=5285

Unique callsigns worked = 2607

The best 60 minute rate was 358/hour from 1511 to 1610
The best 30 minute rate was 394/hour from 1543 to 1612
The best 10 minute rate was 498/hour from 0915 to 0924

The best 1 minute rates were:
11 QSOs/minute    2 times.
10 QSOs/minute    1 times.
 9 QSOs/minute   18 times.
 8 QSOs/minute   36 times.
 7 QSOs/minute   63 times.
 6 QSOs/minute  152 times.
 5 QSOs/minute  215 times.
 4 QSOs/minute  247 times.
 3 QSOs/minute  257 times.
 2 QSOs/minute  232 times.
 1 QSOs/minute  152 times.

Number of letters in callsigns
Letters  # worked
-----------------
   3        43
   4      1898
   5      2071
   6      1214
   7        29
   8        17
   9         6
  10         7

------------ M u l t i p l i e r   S u m m a r y ------------
Mult     160     80     40     20     15     10  Total    Pct
-------------------------------------------------------------
28         0    264    522    812    523    334   2455   46.5
08         0     22    180    282    198      0    682   12.9
29         0     74    135    294     81     26    610   11.5
27         0    137    179    120     71     53    560   10.6
18         0     25     52     58     18      2    155    2.9
07         0      1     18     56     36      0    111    2.1
30         0      7     31     45     22      0    105    2.0
37         0      8     16     20     22      8     74    1.4
04         0      1     10     27     16      0     54    1.0
06         0      0      0     19     26      0     45    0.9
39         0      3      6     14     13      3     39    0.7
09         0      2      6     15      6      0     29    0.5
11         0      1      7     11      4      0     23    0.4
15         0      0      6      7      3      1     17    0.3
31         0      0      1     10      5      0     16    0.3
32         0      0      2     10      2      0     14    0.3
URE        0      2      2      2      2      2     10    0.2
PZK        0      2      2      2      2      2     10    0.2
HRS        0      2      2      2      2      2     10    0.2
ZRS        0      2      2      2      2      2     10    0.2
BFRA       0      1      2      2      2      2      9    0.2
FRR        0      2      1      2      2      2      9    0.2
OV         0      2      1      2      2      2      9    0.2
SRS        0      2      2      1      2      2      9    0.2
MRASZ      0      2      2      2      2      1      9    0.2
44         0      0      0      5      4      0      9    0.2
R1         0      1      1      3      2      1      8    0.2
RSGB       0      2      2      0      2      2      8    0.2
14         0      0      2      1      3      2      8    0.2
BFRR       0      1      2      2      2      1      8    0.2
DARC       0      2      1      1      2      1      7    0.1
ARABH      0      1      1      2      1      2      7    0.1
SRR        0      1      2      2      2      0      7    0.1
SSA        0      1      2      2      1      1      7    0.1
USKA       0      2      1      2      0      2      7    0.1
12         0      0      1      3      3      0      7    0.1
36         0      1      1      1      2      1      6    0.1
REF        0      2      2      0      1      1      6    0.1
UBA        0      2      1      1      0      2      6    0.1
SRAL       0      1      2      1      1      0      5    0.1
ARI        0      1      2      0      1      1      5    0.1
AFVL       0      1      1      1      1      1      5    0.1
19         0      0      2      3      0      0      5    0.1
02         0      0      0      4      1      0      5    0.1
17         0      0      1      2      1      0      4    0.1
45         0      0      0      3      1      0      4    0.1
ARAT       0      0      1      2      1      0      4    0.1
VERON      0      1      2      0      1      0      4    0.1
RSM        0      0      1      1      1      1      4    0.1
EDR        0      1      2      1      0      0      4    0.1
03         0      0      0      2      2      0      4    0.1
AC         0      1      1      2      0      0      4    0.1
ARRL       0      0      0      1      2      0      3    0.1
IRTS       0      1      0      1      1      0      3    0.1
49         0      0      0      2      1      0      3    0.1
10         0      0      1      2      0      0      3    0.1
60         0      0      1      2      0      0      3    0.1
52         0      0      0      1      0      1      2    0.0
SHRAK      0      0      0      0      1      1      2    0.0
48         0      0      1      0      1      0      2    0.0
20         0      0      0      2      0      0      2    0.0
RSBG       0      1      0      0      0      1      2    0.0
42         0      0      0      1      1      0      2    0.0
RCCR       0      0      0      0      1      1      2    0.0
IARU       0      0      1      1      0      0      2    0.0
41         0      0      1      0      1      0      2    0.0
54         0      0      0      1      0      0      1    0.0
VERNON      0      0      0      0      0      1      1    0.0
66         0      0      0      0      0      1      1    0.0
REP        0      0      0      1      0      0      1    0.0
75         0      0      0      1      0      0      1    0.0
RCA        0      0      0      0      0      1      1    0.0
50         0      0      1      0      0      0      1    0.0
KFRR       0      0      1      0      0      0      1    0.0
16         0      0      0      0      1      0      1    0.0
CRAC       0      0      0      1      0      0      1    0.0
46         0      0      1      0      0      0      1    0.0
MARP       0      0      1      0      0      0      1    0.0
ERAU       0      1      0      0      0      0      1    0.0
IRA        0      1      0      0      0      0      1    0.0
59         0      0      0      1      0      0      1    0.0
BARC       0      0      0      1      0      0      1    0.0
53         0      0      0      0      1      0      1    0.0
WIA        0      0      0      1      0      0      1    0.0
58         0      0      0      0      1      0      1    0.0
57         0      0      0      0      1      0      1    0.0
------------------------------------------------------
Total      0    588   1230   1884   1113    470   5285

Multi-band QSOs
---------------
1 bands    1394
2 bands     600
3 bands     344
4 bands     161
5 bands     108
6 bands       0

------- S i n g l e   B a n d   Q S O s ------
Band    160     80     40     20     15     10
----------------------------------------------
QSOs      0     74    311    702    229     78
