Cabrillo Statistics           (Version 10g)           by K5KA & N6TV
http://bit.ly/cabstat

CONTEST: IARU-HF
CALLSIGN: MB2H
CATEGORY-OPERATOR: MULTI-OP
CATEGORY-TRANSMITTER: TWO
OPERATORS: N5ZO KI6RRN

**  0  ****** Q S O   R a t e   S u m m a r y **************

Hour     160     80     40     20     15     10  Total    Pct
-------------------------------------------------------------
1200       0      0      8      0    106     27    141    5.3
1300       0      0     21      0     82     35    138   10.4
1400       0      0     56      0     48     24    128   15.2
1500       0      0     31      0     29     73    133   20.1
1600       0      0    100      0     80      0    180   26.8
1700       0      0     25      2    105      0    132   31.7
1800       0      0      4      0    151      3    158   37.6
1900       0      0    107      0     49      0    156   43.4
2000       0     72    112      0      0      0    184   50.3
2100       0     60     55      0      0      0    115   54.6
2200       0      0    123      0      9      0    132   59.5
2300       0      0     33     25     16      0     74   62.2
0000       0      0      0     98      1      0     99   65.9
0100       0     74      0     14      0      0     88   69.2
0200       0     61      0      5      1      0     67   71.7
0300       0      0     46     15      0      0     61   74.0
0400       0     12      1     17      3      1     34   75.2
0500       0      6      0     46      2      0     54   77.2
0600       0      0      5     71      0      1     77   80.1
0700       0      0     28     61      0      2     91   83.5
0800       0      0      9     58      0      4     71   86.1
0900       0      0      0      0      0    120    120   90.6
1000       0      0      0     75      0     21     96   94.2
1100       0      0      0    150      0      6    156  100.0
------------------------------------------------------
Total      0    285    764    637    682    317   2685


**  1  ****** Q S O   R a t e   S u m m a r y **************

Hour     160     80     40     20     15     10  Total    Pct
-------------------------------------------------------------
1200       0      0      0    180      0      0    180    7.4
1300       0      0      0    167      0      0    167   14.3
1400       0      0      0    141      0      0    141   20.1
1500       0      0      0    101      0      0    101   24.3
1600       0      0      0    164      0      0    164   31.1
1700       0      0      0      5      0    105    110   35.6
1800       0      0      0     74      0     15     89   39.3
1900       0      0      0    118     18      0    136   44.9
2000       0      0      0      5    117      1    123   50.0
2100       0      0      0     57      8      0     65   52.6
2200       0     93      0     35      8      0    136   58.3
2300       0     76      0     37      0      0    113   62.9
0000       0     85     79      0      0      0    164   69.7
0100       0      0     98     15      1      0    114   74.4
0200       0      0     57     11      0      0     68   77.2
0300       0     37     23      0      3      0     63   79.8
0400       0      0     81      0      4      0     85   83.3
0500       0      0     48      0      1      0     49   85.3
0600       0      0      6      0     27      0     33   86.7
0700       0      0      6      0     30      2     38   88.2
0800       0      0      0      0    104      6    110   92.8
0900       0      0     13      0     66      0     79   96.0
1000       0      0      6      0     44      0     50   98.1
1100       0      0      4      0     35      7     46  100.0
------------------------------------------------------
Total      0    291    421   1110    466    136   2424


-------------- Q S O   R a t e   S u m m a r y ---------------------
Hour     160     80     40     20     15     10    Rate Total    Pct
--------------------------------------------------------------------
1200       0      0      8    180    106     27    321    321    6.3
1300       0      0     21    167     82     35    305    626   12.3
1400       0      0     56    141     48     24    269    895   17.5
1500       0      0     31    101     29     73    234   1129   22.1
1600       0      0    100    164     80      0    344   1473   28.8
1700       0      0     25      7    105    105    242   1715   33.6
1800       0      0      4     74    151     18    247   1962   38.4
1900       0      0    107    118     67      0    292   2254   44.1
2000       0     72    112      5    117      1    307   2561   50.1
2100       0     60     55     57      8      0    180   2741   53.7
2200       0     93    123     35     17      0    268   3009   58.9
2300       0     76     33     62     16      0    187   3196   62.6
0000       0     85     79     98      1      0    263   3459   67.7
0100       0     74     98     29      1      0    202   3661   71.7
0200       0     61     57     16      1      0    135   3796   74.3
0300       0     37     69     15      3      0    124   3920   76.7
0400       0     12     82     17      7      1    119   4039   79.1
0500       0      6     48     46      3      0    103   4142   81.1
0600       0      0     11     71     27      1    110   4252   83.2
0700       0      0     34     61     30      4    129   4381   85.8
0800       0      0      9     58    104     10    181   4562   89.3
0900       0      0     13      0     66    120    199   4761   93.2
1000       0      0      6     75     44     21    146   4907   96.0
1100       0      0      4    150     35     13    202   5109  100.0
------------------------------------------------------
Total      0    576   1185   1747   1148    453   5109

Gross QSOs=5339        Dupes=230        Net QSOs=5109

Unique callsigns worked = 2389

The best 60 minute rate was 348/hour from 1559 to 1658
The best 30 minute rate was 378/hour from 1204 to 1233
The best 10 minute rate was 444/hour from 2222 to 2231

The best 1 minute rates were:
10 QSOs/minute    9 times.
 9 QSOs/minute   13 times.
 8 QSOs/minute   43 times.
 7 QSOs/minute   85 times.
 6 QSOs/minute  129 times.
 5 QSOs/minute  169 times.
 4 QSOs/minute  245 times.
 3 QSOs/minute  240 times.
 2 QSOs/minute  220 times.
 1 QSOs/minute  204 times.

Number of letters in callsigns
Letters  # worked
-----------------
   3        38
   4      2004
   5      1962
   6      1057
   7        17
   8        20
   9         7
  10         3

------------ M u l t i p l i e r   S u m m a r y ------------
Mult     160     80     40     20     15     10  Total    Pct
-------------------------------------------------------------
28         0    238    475    704    511    296   2224   43.5
08         0     32    187    288    206      1    714   14.0
29         0     65    136    291     99     35    626   12.3
27         0    143    195    112     88     71    609   11.9
18         0     30     46     66     22      3    167    3.3
30         0      8     25     48     30      1    112    2.2
07         0      0     18     39     36      0     93    1.8
37         0      4      7     18     14      9     52    1.0
04         0      2      9     24     14      0     49    1.0
06         0      0      0     21     14      0     35    0.7
39         0      3      7     12      9      2     33    0.6
11         0      1      9     11      9      1     31    0.6
09         0      2      8     13      8      0     31    0.6
15         0      2      4      3     10      1     20    0.4
31         0      0      1      6      7      0     14    0.3
HRS        0      2      2      2      2      2     10    0.2
PZK        0      2      2      2      2      2     10    0.2
ZRS        0      2      2      2      2      2     10    0.2
SRS        0      2      2      2      2      2     10    0.2
R1         0      2      3      2      2      1     10    0.2
URE        0      2      2      2      2      1      9    0.2
BFRA       0      1      2      2      2      2      9    0.2
FRR        0      2      1      2      2      2      9    0.2
32         0      0      1      5      3      0      9    0.2
OV         0      1      2      2      2      2      9    0.2
MRASZ      0      2      2      2      1      2      9    0.2
SRR        0      2      2      2      2      1      9    0.2
SSA        0      1      2      2      2      1      8    0.2
REF        0      2      2      1      2      1      8    0.2
DARC       0      2      2      1      2      1      8    0.2
14         0      0      0      3      4      1      8    0.2
RSGB       0      2      2      1      2      1      8    0.2
12         0      0      2      5      1      0      8    0.2
USKA       0      2      1      1      2      1      7    0.1
ARABH      0      2      1      1      1      2      7    0.1
BFRR       0      2      1      2      1      1      7    0.1
ARI        0      1      2      1      2      1      7    0.1
VERON      0      2      2      1      1      1      7    0.1
44         0      0      1      2      3      0      6    0.1
UBA        0      2      1      1      1      0      5    0.1
45         0      0      0      4      1      0      5    0.1
36         0      1      1      1      1      1      5    0.1
13         0      0      0      0      3      1      4    0.1
17         0      1      1      2      0      0      4    0.1
EDR        0      1      2      1      0      0      4    0.1
19         0      0      1      3      0      0      4    0.1
ERAU       0      1      2      1      0      0      4    0.1
AC         0      1      1      0      1      0      3    0.1
41         0      0      0      1      2      0      3    0.1
KFRR       0      0      0      1      2      0      3    0.1
BARC       0      0      0      1      2      0      3    0.1
SRAL       0      1      1      1      0      0      3    0.1
IRA        0      1      1      1      0      0      3    0.1
02         0      0      0      3      0      0      3    0.1
49         0      0      0      2      1      0      3    0.1
ARRL       0      0      0      2      1      0      3    0.1
AFVL       0      0      1      1      1      0      3    0.1
60         0      0      1      2      0      0      3    0.1
TRAC       0      0      0      1      0      1      2    0.0
CRAC       0      0      0      1      1      0      2    0.0
54         0      0      0      1      1      0      2    0.0
ROARS      0      0      0      1      1      0      2    0.0
IRTS       0      1      1      0      0      0      2    0.0
48         0      0      1      1      0      0      2    0.0
42         0      0      1      0      1      0      2    0.0
50         0      0      0      1      0      0      1    0.0
SHRAK      0      0      0      1      0      0      1    0.0
ARAT       0      0      0      1      0      0      1    0.0
16         0      0      0      0      1      0      1    0.0
03         0      0      0      1      0      0      1    0.0
75         0      0      0      1      0      0      1    0.0
RCA        0      0      0      0      1      0      1    0.0
RSM        0      0      1      0      0      0      1    0.0
RCP        0      0      0      1      0      0      1    0.0
10         0      0      0      1      0      0      1    0.0
GRC        0      0      0      1      0      0      1    0.0
57         0      0      0      1      0      0      1    0.0
20         0      0      0      1      0      0      1    0.0
58         0      0      0      0      1      0      1    0.0
FRA        0      0      0      0      1      0      1    0.0
------------------------------------------------------
Total      0    576   1185   1747   1148    453   5109

Multi-band QSOs
---------------
1 bands    1200
2 bands     543
3 bands     328
4 bands     200
5 bands     118
6 bands       0

------- S i n g l e   B a n d   Q S O s ------
Band    160     80     40     20     15     10
----------------------------------------------
QSOs      0     58    271    580    232     59
