Cabrillo Statistics           (Version 10g)           by K5KA & N6TV
http://bit.ly/cabstat

CONTEST: IARU-HF
CALLSIGN: MB2M
CATEGORY-OPERATOR: MULTI-OP
CATEGORY-TRANSMITTER: TWO
OPERATORS: VE3DZ UW7LL

**  0  ****** Q S O   R a t e   S u m m a r y **************

Hour     160     80     40     20     15     10  Total    Pct
-------------------------------------------------------------
1200       0      0      0    228      0      0    228    8.4
1300       0      0      0    107     56      0    163   14.4
1400       0      0      0      0     78     59    137   19.4
1500       0      0      0      0     50    101    151   25.0
1600       0      0      0     80     52      0    132   29.9
1700       0      0      0     24     63     48    135   34.8
1800       0      0      0      0     67     73    140   40.0
1900       0      0      0      0     86     27    113   44.2
2000       0      0      0      1     41     26     68   46.7
2100       0      0      0     52     88      0    140   51.8
2200       0      0      0     91     11      0    102   55.6
2300       0      0      0    165      1      0    166   61.7
0000       0      0      0     93      0      0     93   65.1
0100       0      0      0     83      0      0     83   68.2
0200       0      0      0     58      0      0     58   70.3
0300       0      0     66      7      0      0     73   73.0
0400       0      0    101      0      0      0    101   76.7
0500       0      0     58      0      0      0     58   78.9
0600       0      0     65     31      0      3     99   82.5
0700       0      0     35     55      0      0     90   85.8
0800       0      0      0     87      0     38    125   90.4
0900       0      0      0      5     15     66     86   93.6
1000       0      0      0    113      0      0    113   97.8
1100       0      0      7     27     15     12     61  100.0
------------------------------------------------------
Total      0      0    332   1307    623    453   2715


**  1  ****** Q S O   R a t e   S u m m a r y **************

Hour     160     80     40     20     15     10  Total    Pct
-------------------------------------------------------------
1200       0      0      0      0     86     78    164    5.7
1300       0      0     34     18     92      7    151   10.9
1400       0      0      0    210      1      0    211   18.2
1500       0      0     48    103     17      0    168   24.0
1600       0      0    110     24      2      3    139   28.8
1700       0      0     28     58     16      0    102   32.4
1800       0      0     31     42     20      0     93   35.6
1900       0      3      1    165      0      0    169   41.4
2000       0     42    148      0      0      0    190   48.0
2100       0     98     87      0      0      0    185   54.4
2200       0    136     26      0      1      0    163   60.0
2300       0     52    101      0      0      0    153   65.3
0000       0     80     52      0      0      0    132   69.9
0100       0     46     74      0      0      0    120   74.0
0200       0     34     33      0      0      0     67   76.4
0300       0     54      0      0      2      0     56   78.3
0400       0     26      0     28      3      1     58   80.3
0500       0      0      0     66      1      0     67   82.6
0600       0      0      0     45     26      0     71   85.1
0700       0      0      0      0     46      4     50   86.8
0800       0      0      0      2     69      8     79   89.6
0900       0      0      8     37     54      0     99   93.0
1000       0      0     11      0     54     10     75   95.6
1100       0      0      0     89     39      0    128  100.0
------------------------------------------------------
Total      0    571    792    887    529    111   2890


-------------- Q S O   R a t e   S u m m a r y ---------------------
Hour     160     80     40     20     15     10    Rate Total    Pct
--------------------------------------------------------------------
1200       0      0      0    228     86     78    392    392    7.0
1300       0      0     34    125    148      7    314    706   12.6
1400       0      0      0    210     79     59    348   1054   18.8
1500       0      0     48    103     67    101    319   1373   24.5
1600       0      0    110    104     54      3    271   1644   29.3
1700       0      0     28     82     79     48    237   1881   33.6
1800       0      0     31     42     87     73    233   2114   37.7
1900       0      3      1    165     86     27    282   2396   42.7
2000       0     42    148      1     41     26    258   2654   47.4
2100       0     98     87     52     88      0    325   2979   53.1
2200       0    136     26     91     12      0    265   3244   57.9
2300       0     52    101    165      1      0    319   3563   63.6
0000       0     80     52     93      0      0    225   3788   67.6
0100       0     46     74     83      0      0    203   3991   71.2
0200       0     34     33     58      0      0    125   4116   73.4
0300       0     54     66      7      2      0    129   4245   75.7
0400       0     26    101     28      3      1    159   4404   78.6
0500       0      0     58     66      1      0    125   4529   80.8
0600       0      0     65     76     26      3    170   4699   83.8
0700       0      0     35     55     46      4    140   4839   86.3
0800       0      0      0     89     69     46    204   5043   90.0
0900       0      0      8     42     69     66    185   5228   93.3
1000       0      0     11    113     54     10    188   5416   96.6
1100       0      0      7    116     54     12    189   5605  100.0
------------------------------------------------------
Total      0    571   1124   2194   1152    564   5605

Gross QSOs=5786        Dupes=181        Net QSOs=5605

Unique callsigns worked = 2685

The best 60 minute rate was 424/hour from 1209 to 1308
The best 30 minute rate was 472/hour from 1241 to 1310
The best 10 minute rate was 522/hour from 1259 to 1308

The best 1 minute rates were:
12 QSOs/minute    1 times.
11 QSOs/minute    2 times.
10 QSOs/minute   14 times.
 9 QSOs/minute   36 times.
 8 QSOs/minute   43 times.
 7 QSOs/minute  103 times.
 6 QSOs/minute  130 times.
 5 QSOs/minute  186 times.
 4 QSOs/minute  251 times.
 3 QSOs/minute  234 times.
 2 QSOs/minute  231 times.
 1 QSOs/minute  164 times.

Number of letters in callsigns
Letters  # worked
-----------------
   3        38
   4      2135
   5      2164
   6      1204
   7        27
   8        24
   9         5
  10         7

------------ M u l t i p l i e r   S u m m a r y ------------
Mult     160     80     40     20     15     10  Total    Pct
-------------------------------------------------------------
28         0    244    476    838    503    384   2445   43.6
08         0     23    141    426    237      1    828   14.8
29         0     63    144    315     96     31    649   11.6
27         0    143    172    140     73     74    602   10.7
18         0     24     44     56     18      2    144    2.6
07         0      0     11     82     43      0    136    2.4
30         0      6     23     47     22      5    103    1.8
04         0      4     12     46     15      0     77    1.4
37         0      9     14     24     14      8     69    1.2
06         0      0      0     35     18      0     53    0.9
39         0      3      7     17     10      4     41    0.7
11         0      0      5     17      9      4     35    0.6
09         0      2      4     19      8      0     33    0.6
15         0      1      5      3      7      7     23    0.4
14         0      2      3      8      5      3     21    0.4
31         0      0      1      9      7      0     17    0.3
R1         0      2      2      4      2      1     11    0.2
FRR        0      2      2      2      2      2     10    0.2
URE        0      2      2      2      2      2     10    0.2
ZRS        0      2      2      2      2      2     10    0.2
HRS        0      2      2      2      2      2     10    0.2
SRS        0      2      2      2      2      2     10    0.2
MRASZ      0      2      2      2      2      2     10    0.2
DARC       0      2      2      2      2      2     10    0.2
PZK        0      2      2      2      2      1      9    0.2
BFRA       0      1      2      2      2      2      9    0.2
RSGB       0      2      2      2      2      1      9    0.2
SRR        0      2      2      2      2      1      9    0.2
02         0      0      0      7      2      0      9    0.2
32         0      0      1      6      2      0      9    0.2
12         0      0      3      5      1      0      9    0.2
17         0      2      1      4      1      0      8    0.1
SRAL       0      2      2      2      2      0      8    0.1
44         0      0      1      5      1      0      7    0.1
ARABH      0      1      1      2      1      2      7    0.1
SSA        0      1      2      2      1      1      7    0.1
54         0      0      2      3      2      0      7    0.1
UBA        0      2      2      1      1      1      7    0.1
BFRR       0      1      2      2      1      1      7    0.1
ARI        0      2      2      1      1      1      7    0.1
OV         0      1      1      1      1      2      6    0.1
USKA       0      2      0      2      1      1      6    0.1
REF        0      2      1      1      1      1      6    0.1
19         0      0      1      5      0      0      6    0.1
36         0      1      0      1      1      2      5    0.1
VERON      0      2      2      0      0      1      5    0.1
EDR        0      1      2      1      0      1      5    0.1
AC         0      1      1      1      0      1      4    0.1
41         0      0      1      2      1      0      4    0.1
42         0      0      1      1      2      0      4    0.1
10         0      0      1      2      1      0      4    0.1
IRA        0      1      1      1      1      0      4    0.1
57         0      0      0      1      1      1      3    0.1
50         0      0      1      1      1      0      3    0.1
BARC       0      0      1      1      1      0      3    0.1
ARRL       0      0      0      1      2      0      3    0.1
ARM        0      0      0      1      1      1      3    0.1
60         0      0      1      2      0      0      3    0.1
ERAU       0      1      1      1      0      0      3    0.1
ARAT       0      0      0      1      1      0      2    0.0
KFRR       0      0      0      1      1      0      2    0.0
20         0      0      0      2      0      0      2    0.0
MARP       0      0      1      1      0      0      2    0.0
48         0      0      0      1      1      0      2    0.0
45         0      0      0      2      0      0      2    0.0
49         0      0      0      2      0      0      2    0.0
AFVL       0      0      0      0      1      1      2    0.0
IARU       0      0      0      1      1      0      2    0.0
ARUKR      0      0      0      1      1      0      2    0.0
SARS       0      0      0      1      1      0      2    0.0
SM5        0      0      0      1      0      0      1    0.0
53         0      0      0      0      0      1      1    0.0
JARL       0      0      0      1      0      0      1    0.0
TRAC       0      0      0      0      1      0      1    0.0
KARL       0      0      0      1      0      0      1    0.0
03         0      0      0      1      0      0      1    0.0
75         0      0      0      1      0      0      1    0.0
RCA        0      0      0      0      0      1      1    0.0
16         0      0      0      0      1      0      1    0.0
CRAC       0      0      0      1      0      0      1    0.0
GRC        0      0      0      0      1      0      1    0.0
RCP        0      0      0      1      0      0      1    0.0
NARG       0      0      1      0      0      0      1    0.0
IRTS       0      1      0      0      0      0      1    0.0
13         0      0      1      0      0      0      1    0.0
NARL       0      0      0      0      1      0      1    0.0
RSM        0      0      0      0      0      1      1    0.0
58         0      0      0      0      1      0      1    0.0
------------------------------------------------------
Total      0    571   1124   2194   1152    564   5605

Multi-band QSOs
---------------
1 bands    1435
2 bands     602
3 bands     333
4 bands     198
5 bands     117
6 bands       0

------- S i n g l e   B a n d   Q S O s ------
Band    160     80     40     20     15     10
----------------------------------------------
QSOs      0     71    255    819    195     95
