Cabrillo Statistics           (Version 10g)           by K5KA & N6TV
http://bit.ly/cabstat

CONTEST: IARU-HF
CALLSIGN: MB2N
CATEGORY-OPERATOR: MULTI-OP
CATEGORY-TRANSMITTER: TWO
OPERATORS: M/KD4D

**  0  ****** Q S O   R a t e   S u m m a r y **************

Hour     160     80     40     20     15     10  Total    Pct
-------------------------------------------------------------
1200       0      0      0    105    122     11    238    9.4
1300       0      0      0      0     27     61     88   12.9
1400       0      0      0      0     77     25    102   17.0
1500       0      0      0      0     90     13    103   21.0
1600       0      0      0     45     79      9    133   26.3
1700       0      0      0    129      0      4    133   31.6
1800       0      0      0    129      0      1    130   36.7
1900       0      0      0    143      0      0    143   42.4
2000       0     31      0     30     41      3    105   46.6
2100       0      0      0     36     26      7     69   49.3
2200       0     38      0    108      2      0    148   55.2
2300       0    155      0      0      0      0    155   61.3
0000       0     76      0     65      0      0    141   66.9
0100       0     30      0     97      0      0    127   71.9
0200       0     30      0     49      0      0     79   75.0
0300       0     52      0     10      0      0     62   77.5
0400       0      0      0     33      1      1     35   78.9
0500       0      0      0     43     13      0     56   81.1
0600       0      0      6     69      1      1     77   84.2
0700       0      0      0     92      0      1     93   87.8
0800       0      0     23     13     42      0     78   90.9
0900       0      0      0      0     98      2    100   94.9
1000       0      0     11      5     12     31     59   97.2
1100       0      0     25     27      0     18     70  100.0
------------------------------------------------------
Total      0    412     65   1228    631    188   2524


**  1  ****** Q S O   R a t e   S u m m a r y **************

Hour     160     80     40     20     15     10  Total    Pct
-------------------------------------------------------------
1200       0      0      0     53      0      0     53    2.2
1300       0      0      0    164      0      0    164    8.8
1400       0      0      0    148      0      0    148   14.8
1500       0      0      0     74      0     26    100   18.9
1600       0      0      0     88     42      0    130   24.1
1700       0      0      0      0     85     61    146   30.1
1800       0      0      0      0    108     14    122   35.0
1900       0      0      0      0    121      0    121   39.9
2000       0      0     98      0     16      0    114   44.6
2100       0      0    160      0      0      0    160   51.1
2200       0      0    155      0      0      0    155   57.3
2300       0      0    115      0      0      0    115   62.0
0000       0      0    100      0      0      0    100   66.1
0100       0     12     90      0      0      0    102   70.2
0200       0     26     76      0      0      0    102   74.4
0300       0      0     28      6      0      0     34   75.7
0400       0      0    105      0      0      0    105   80.0
0500       0      0     75      0      1      0     76   83.1
0600       0      0     25      0     36      0     61   85.6
0700       0      0      0      0     32      1     33   86.9
0800       0      0      0      0     25     53     78   90.1
0900       0      0      0     54      0     45     99   94.1
1000       0      0      0     47     39      0     86   97.6
1100       0      0     18      0     42      0     60  100.0
------------------------------------------------------
Total      0     38   1045    634    547    200   2464


-------------- Q S O   R a t e   S u m m a r y ---------------------
Hour     160     80     40     20     15     10    Rate Total    Pct
--------------------------------------------------------------------
1200       0      0      0    158    122     11    291    291    5.8
1300       0      0      0    164     27     61    252    543   10.9
1400       0      0      0    148     77     25    250    793   15.9
1500       0      0      0     74     90     39    203    996   20.0
1600       0      0      0    133    121      9    263   1259   25.2
1700       0      0      0    129     85     65    279   1538   30.8
1800       0      0      0    129    108     15    252   1790   35.9
1900       0      0      0    143    121      0    264   2054   41.2
2000       0     31     98     30     57      3    219   2273   45.6
2100       0      0    160     36     26      7    229   2502   50.2
2200       0     38    155    108      2      0    303   2805   56.2
2300       0    155    115      0      0      0    270   3075   61.6
0000       0     76    100     65      0      0    241   3316   66.5
0100       0     42     90     97      0      0    229   3545   71.1
0200       0     56     76     49      0      0    181   3726   74.7
0300       0     52     28     16      0      0     96   3822   76.6
0400       0      0    105     33      1      1    140   3962   79.4
0500       0      0     75     43     14      0    132   4094   82.1
0600       0      0     31     69     37      1    138   4232   84.8
0700       0      0      0     92     32      2    126   4358   87.4
0800       0      0     23     13     67     53    156   4514   90.5
0900       0      0      0     54     98     47    199   4713   94.5
1000       0      0     11     52     51     31    145   4858   97.4
1100       0      0     43     27     42     18    130   4988  100.0
------------------------------------------------------
Total      0    450   1110   1862   1178    388   4988

Gross QSOs=5097        Dupes=109        Net QSOs=4988

Unique callsigns worked = 2423

The best 60 minute rate was 317/hour from 2156 to 2255
The best 30 minute rate was 352/hour from 2226 to 2255
The best 10 minute rate was 450/hour from 2227 to 2236

The best 1 minute rates were:
10 QSOs/minute    3 times.
 9 QSOs/minute   10 times.
 8 QSOs/minute   25 times.
 7 QSOs/minute   68 times.
 6 QSOs/minute  137 times.
 5 QSOs/minute  202 times.
 4 QSOs/minute  216 times.
 3 QSOs/minute  270 times.
 2 QSOs/minute  257 times.
 1 QSOs/minute  172 times.

Number of letters in callsigns
Letters  # worked
-----------------
   3        33
   4      1983
   5      1916
   6      1004
   7        20
   8        22
   9         6
  10         3

------------ M u l t i p l i e r   S u m m a r y ------------
Mult     160     80     40     20     15     10  Total    Pct
-------------------------------------------------------------
28         0    167    447    707    502    229   2052   41.1
08         0     28    180    336    204      0    748   15.0
29         0     54    128    274    105     34    595   11.9
27         0    122    165    138     89     75    589   11.8
18         0     24     39     64     20      3    150    3.0
07         0      0     13     57     45      0    115    2.3
30         0      4     27     47     33      2    113    2.3
37         0      4     14     33     19      7     77    1.5
04         0      3     11     33     15      0     62    1.2
06         0      0      0     25     25      0     50    1.0
09         0      2     12     16      8      0     38    0.8
39         0      2      8     10      9      2     31    0.6
11         0      1      9     12      7      2     31    0.6
31         0      0      2      8      9      0     19    0.4
32         0      0      1     10      3      0     14    0.3
14         0      0      1      5      5      3     14    0.3
15         0      0      2      2      7      0     11    0.2
44         0      0      0      6      5      0     11    0.2
ZRS        0      2      2      2      2      2     10    0.2
URE        0      2      2      2      2      2     10    0.2
HRS        0      2      2      2      2      2     10    0.2
PZK        0      2      2      2      2      2     10    0.2
FRR        0      2      2      2      1      2      9    0.2
SRS        0      2      1      2      2      2      9    0.2
R1         0      1      3      2      2      1      9    0.2
SRR        0      2      2      2      2      1      9    0.2
DARC       0      2      2      1      2      2      9    0.2
36         0      1      1      3      4      0      9    0.2
MRASZ      0      1      2      2      2      1      8    0.2
BFRA       0      1      2      2      2      1      8    0.2
SSA        0      2      2      2      2      0      8    0.2
ARABH      0      1      1      2      2      2      8    0.2
RSGB       0      2      1      2      2      1      8    0.2
REF        0      2      2      1      2      1      8    0.2
OV         0      1      1      1      2      2      7    0.1
12         0      0      1      2      2      2      7    0.1
SRAL       0      2      2      2      1      0      7    0.1
02         0      0      0      5      1      0      6    0.1
BFRR       0      0      2      2      2      0      6    0.1
IRA        0      2      2      1      1      0      6    0.1
VERON      0      2      2      0      1      1      6    0.1
ARI        0      1      2      1      1      0      5    0.1
USKA       0      2      1      1      1      0      5    0.1
ERAU       0      0      1      1      1      1      4    0.1
49         0      0      0      2      2      0      4    0.1
45         0      0      0      3      1      0      4    0.1
17         0      0      1      2      1      0      4    0.1
EDR        0      1      2      1      0      0      4    0.1
54         0      0      1      1      1      0      3    0.1
AFVL       0      0      2      0      1      0      3    0.1
IRTS       0      0      1      1      1      0      3    0.1
60         0      0      0      3      0      0      3    0.1
19         0      0      0      2      0      0      2    0.0
42         0      0      0      1      1      0      2    0.0
ARAT       0      0      0      1      1      0      2    0.0
48         0      0      0      1      1      0      2    0.0
57         0      0      0      1      1      0      2    0.0
UBA        0      1      0      0      0      1      2    0.0
BARC       0      0      0      1      1      0      2    0.0
03         0      0      0      2      0      0      2    0.0
75         0      0      0      2      0      0      2    0.0
13         0      0      0      0      2      0      2    0.0
SARS       0      0      0      2      0      0      2    0.0
ARRL       0      0      1      0      1      0      2    0.0
KFRR       0      0      0      2      0      0      2    0.0
RCA        0      0      0      0      2      0      2    0.0
41         0      0      0      0      2      0      2    0.0
NARG       0      0      0      0      1      0      1    0.0
53         0      0      0      0      1      0      1    0.0
RCCR       0      0      0      0      0      1      1    0.0
IARU       0      0      0      1      0      0      1    0.0
16         0      0      0      1      0      0      1    0.0
10         0      0      0      1      0      0      1    0.0
20         0      0      0      1      0      0      1    0.0
58         0      0      0      0      1      0      1    0.0
ROARS      0      0      0      0      0      1      1    0.0
------------------------------------------------------
Total      0    450   1110   1862   1178    388   4988

Multi-band QSOs
---------------
1 bands    1303
2 bands     548
3 bands     308
4 bands     174
5 bands      90
6 bands       0

------- S i n g l e   B a n d   Q S O s ------
Band    160     80     40     20     15     10
----------------------------------------------
QSOs      0     54    242    681    261     65
