Cabrillo Statistics           (Version 10g)           by K5KA & N6TV
http://bit.ly/cabstat

CONTEST: IARU-HF
CALLSIGN: MB2R
CATEGORY-OPERATOR: MULTI-OP
CATEGORY-TRANSMITTER: TWO
OPERATORS: OM2VL OM3RM

**  0  ****** Q S O   R a t e   S u m m a r y **************

Hour     160     80     40     20     15     10  Total    Pct
-------------------------------------------------------------
1200       0      0      0      0    179      0    179    7.7
1300       0      0      0     62      5     60    127   13.1
1400       0      0      0      0    117     13    130   18.7
1500       0      0      0      6     15     95    116   23.7
1600       0      0      0      0     77     12     89   27.5
1700       0      0      0      0     63     65    128   32.9
1800       0      0      0      0    126      7    133   38.6
1900       0      0      0      0     91     26    117   43.7
2000       0      0     17      0     81      1     99   47.9
2100       0     48      0      7     24      2     81   51.4
2200       0      0      0     56      9      0     65   54.2
2300       0      0      3     65      1      0     69   57.1
0000       0    120      0      2      1      0    123   62.4
0100       0     53      0     64      0      0    117   67.4
0200       0     39     40      0      0      0     79   70.8
0300       0     16     14     11      4      0     45   72.7
0400       0      1      0     20      0      0     21   73.6
0500       0      0      0     58      0      0     58   76.1
0600       0      0      0    129      0      0    129   81.6
0700       0      0      0    112      0      4    116   86.6
0800       0      0      0     62      1     19     82   90.1
0900       0      0      0      1     89      1     91   94.0
1000       0      0     13      0     72      1     86   97.7
1100       0      0      0      0     41     13     54  100.0
------------------------------------------------------
Total      0    277     87    655    996    319   2334


**  1  ****** Q S O   R a t e   S u m m a r y **************

Hour     160     80     40     20     15     10  Total    Pct
-------------------------------------------------------------
1200       0      0      0    189      0      0    189    7.0
1300       0      0     61     60     14      0    135   12.1
1400       0      0     32    125      0      0    157   17.9
1500       0      0     39     90     13      0    142   23.2
1600       0      0     76     68      0      0    144   28.6
1700       0      0     33     74      0      0    107   32.6
1800       0      0     61     49      0      5    115   36.8
1900       0      0     23    109      0      4    136   41.9
2000       0     39     19     69      0      0    127   46.6
2100       0     56     78     17      6      0    157   52.5
2200       0     37     50      8      9      0    104   56.4
2300       0     59     90      0      4      0    153   62.0
0000       0      0     63     68      0      0    131   66.9
0100       0     13    126      1      0      0    140   72.1
0200       0     15     14     35      0      0     64   74.5
0300       0     22     55      1      0      0     78   77.4
0400       0      0     80      0      0      0     80   80.4
0500       0      0     45      0      4      0     49   82.2
0600       0      0     14      0     27      2     43   83.8
0700       0      0      3      0     46      1     50   85.7
0800       0      0      3      0     56      9     68   88.2
0900       0      0      0     38      0     97    135   93.3
1000       0      0      0     46      1     22     69   95.8
1100       0      0      0    108      0      4    112  100.0
------------------------------------------------------
Total      0    241    965   1155    180    144   2685


-------------- Q S O   R a t e   S u m m a r y ---------------------
Hour     160     80     40     20     15     10    Rate Total    Pct
--------------------------------------------------------------------
1200       0      0      0    189    179      0    368    368    7.3
1300       0      0     61    122     19     60    262    630   12.6
1400       0      0     32    125    117     13    287    917   18.3
1500       0      0     39     96     28     95    258   1175   23.4
1600       0      0     76     68     77     12    233   1408   28.1
1700       0      0     33     74     63     65    235   1643   32.7
1800       0      0     61     49    126     12    248   1891   37.7
1900       0      0     23    109     91     30    253   2144   42.7
2000       0     39     36     69     81      1    226   2370   47.2
2100       0    104     78     24     30      2    238   2608   52.0
2200       0     37     50     64     18      0    169   2777   55.3
2300       0     59     93     65      5      0    222   2999   59.8
0000       0    120     63     70      1      0    254   3253   64.8
0100       0     66    126     65      0      0    257   3510   69.9
0200       0     54     54     35      0      0    143   3653   72.8
0300       0     38     69     12      4      0    123   3776   75.2
0400       0      1     80     20      0      0    101   3877   77.2
0500       0      0     45     58      4      0    107   3984   79.4
0600       0      0     14    129     27      2    172   4156   82.8
0700       0      0      3    112     46      5    166   4322   86.1
0800       0      0      3     62     57     28    150   4472   89.1
0900       0      0      0     39     89     98    226   4698   93.6
1000       0      0     13     46     73     23    155   4853   96.7
1100       0      0      0    108     41     17    166   5019  100.0
------------------------------------------------------
Total      0    518   1052   1810   1176    463   5019

Gross QSOs=5124        Dupes=105        Net QSOs=5019

Unique callsigns worked = 2405

The best 60 minute rate was 380/hour from 1208 to 1307
The best 30 minute rate was 392/hour from 1220 to 1249
The best 10 minute rate was 456/hour from 1503 to 1512

The best 1 minute rates were:
11 QSOs/minute    1 times.
10 QSOs/minute    2 times.
 9 QSOs/minute   12 times.
 8 QSOs/minute   45 times.
 7 QSOs/minute   65 times.
 6 QSOs/minute  132 times.
 5 QSOs/minute  180 times.
 4 QSOs/minute  227 times.
 3 QSOs/minute  264 times.
 2 QSOs/minute  250 times.
 1 QSOs/minute  173 times.

Number of letters in callsigns
Letters  # worked
-----------------
   3        38
   4      1969
   5      1908
   6      1053
   7        19
   8        21
   9         8
  10         2

------------ M u l t i p l i e r   S u m m a r y ------------
Mult     160     80     40     20     15     10  Total    Pct
-------------------------------------------------------------
28         0    232    397    737    533    310   2209   44.0
08         0     31    190    301    202      0    724   14.4
29         0     64    138    290    119     30    641   12.8
27         0    113    148    101     78     69    509   10.1
18         0     24     42     59     18      2    145    2.9
07         0      0     11     68     42      0    121    2.4
30         0      6     25     51     29      1    112    2.2
37         0      7     14     16     11      6     54    1.1
04         0      2     10     23     15      0     50    1.0
06         0      0      0     23     23      0     46    0.9
39         0      2      5     13     11      5     36    0.7
11         0      1      8     12      9      1     31    0.6
09         0      2      7     11      7      0     27    0.5
31         0      0      1      8      3      0     12    0.2
32         0      0      0      8      3      0     11    0.2
12         0      0      4      5      1      1     11    0.2
URE        0      2      2      2      2      2     10    0.2
HRS        0      2      2      2      2      2     10    0.2
PZK        0      2      2      2      2      2     10    0.2
FRR        0      2      2      1      2      2      9    0.2
ZRS        0      2      1      2      2      2      9    0.2
BFRA       0      1      2      2      2      2      9    0.2
02         0      0      0      8      1      0      9    0.2
R1         0      1      1      2      3      1      8    0.2
SRS        0      1      2      1      2      2      8    0.2
45         0      0      0      5      3      0      8    0.2
ARABH      0      1      1      2      2      1      7    0.1
SRAL       0      2      2      1      2      0      7    0.1
SSA        0      1      2      2      1      1      7    0.1
DARC       0      1      2      1      2      1      7    0.1
SRR        0      2      1      2      1      1      7    0.1
OV         0      0      1      2      2      2      7    0.1
USKA       0      2      0      2      1      2      7    0.1
MRASZ      0      2      1      1      1      2      7    0.1
15         0      0      2      2      1      1      6    0.1
BFRR       0      1      1      1      2      1      6    0.1
UBA        0      1      2      1      1      1      6    0.1
RSGB       0      1      2      0      2      1      6    0.1
REF        0      2      2      1      1      0      6    0.1
14         0      0      1      2      2      1      6    0.1
ARI        0      1      2      1      1      1      6    0.1
49         0      0      0      2      3      0      5    0.1
EDR        0      1      2      1      1      0      5    0.1
VERON      0      1      2      0      1      1      5    0.1
44         0      0      0      2      2      0      4    0.1
41         0      0      1      1      2      0      4    0.1
36         0      1      0      1      1      1      4    0.1
19         0      0      1      3      0      0      4    0.1
10         0      0      1      2      1      0      4    0.1
54         0      0      0      1      2      0      3    0.1
IRA        0      1      1      0      1      0      3    0.1
BARC       0      0      0      1      2      0      3    0.1
AFVL       0      0      0      1      1      1      3    0.1
AC         0      0      1      2      0      0      3    0.1
KFRR       0      0      0      1      2      0      3    0.1
17         0      0      0      1      1      0      2    0.0
IRTS       0      0      1      0      0      1      2    0.0
ARAT       0      0      0      1      1      0      2    0.0
57         0      0      0      1      1      0      2    0.0
03         0      0      0      2      0      0      2    0.0
RSM        0      0      1      1      0      0      2    0.0
ARM        0      0      1      0      1      0      2    0.0
IARU       0      0      1      1      0      0      2    0.0
ARRL       0      0      1      1      0      0      2    0.0
ROARS      0      0      0      1      1      0      2    0.0
60         0      0      1      1      0      0      2    0.0
53         0      0      0      1      1      0      2    0.0
ERAU       0      0      0      0      0      1      1    0.0
RCA        0      0      0      0      0      1      1    0.0
48         0      0      0      0      1      0      1    0.0
MARP       0      0      0      1      0      0      1    0.0
75         0      0      0      1      0      0      1    0.0
61         0      0      0      1      0      0      1    0.0
50         0      0      0      1      0      0      1    0.0
RCCR       0      0      0      0      1      0      1    0.0
RCP        0      0      0      1      0      0      1    0.0
16         0      0      1      0      0      0      1    0.0
UARL       0      0      0      1      0      0      1    0.0
20         0      0      0      1      0      0      1    0.0
TRAC       0      0      0      0      0      1      1    0.0
42         0      0      0      0      1      0      1    0.0
NARG       0      0      0      0      1      0      1    0.0
------------------------------------------------------
Total      0    518   1052   1810   1176    463   5019

Multi-band QSOs
---------------
1 bands    1244
2 bands     551
3 bands     314
4 bands     185
5 bands     111
6 bands       0

------- S i n g l e   B a n d   Q S O s ------
Band    160     80     40     20     15     10
----------------------------------------------
QSOs      0     61    220    665    234     64
