Cabrillo Statistics           (Version 10g)           by K5KA & N6TV
http://bit.ly/cabstat

CONTEST: IARU-HF
CALLSIGN: MB2S
CATEGORY-OPERATOR: MULTI-OP
CATEGORY-TRANSMITTER: TWO
OPERATORS: NN7CW DL4NAC

**  1  ****** Q S O   R a t e   S u m m a r y **************

Hour     160     80     40     20     15     10  Total    Pct
-------------------------------------------------------------
1200       0      0      0     17    115      0    132    4.9
1300       0      0     10      0    107      1    118    9.3
1400       0      0      3     31    118      0    152   15.0
1500       0      0     56     48     63      0    167   21.2
1600       0      0     20      0     59     33    112   25.4
1700       0      0     31     10      0    101    142   30.7
1800       0      0     12      0     61     42    115   35.0
1900       0      0      0      0    118      4    122   39.5
2000       0      0     56     13     38      7    114   43.8
2100       0     41     50      0     33      0    124   48.4
2200       0     81    125      0      0      0    206   56.1
2300       0     99     38      0      0      0    137   61.2
0000       0     55     84      0      0      0    139   66.3
0100       0     34     39      0      0      0     73   69.1
0200       0      0    131      0      0      0    131   73.9
0300       0      5     56      0      2      0     63   76.3
0400       0      0     74      2      0      0     76   79.1
0500       0      0     37      0     17      0     54   81.1
0600       0      0     29      0     16      0     45   82.8
0700       0      0     70      0     20      1     91   86.2
0800       0      0     22     65      0     29    116   90.5
0900       0      0      0      0      0    102    102   94.3
1000       0      0     33     18      0     23     74   97.1
1100       0      0      0     36     40      2     78  100.0
------------------------------------------------------
Total      0    315    976    240    807    345   2683


**  0  ****** Q S O   R a t e   S u m m a r y **************

Hour     160     80     40     20     15     10  Total    Pct
-------------------------------------------------------------
1200       0      0      0    118      0     20    138    6.0
1300       0      0      0     99      0     17    116   11.0
1400       0      0      5     83      0     24    112   15.8
1500       0      0      0     27      0     95    122   21.1
1600       0      0      0    131      0      0    131   26.8
1700       0      0      0      2    115      0    117   31.8
1800       0      0      3     88      2     31    124   37.2
1900       0      0     23    118      0      2    143   43.4
2000       0      0     11     63     17      3     94   47.4
2100       0      0      0    105      9      0    114   52.4
2200       0      0      1     90      0      0     91   56.3
2300       0      0      0     85      4      0     89   60.1
0000       0      0      0     78      3      0     81   63.6
0100       0      0      0     64      0      0     64   66.4
0200       0     72      0     13      0      0     85   70.1
0300       0     31     15     12      0      0     58   72.6
0400       0     12      0     31      0      0     43   74.4
0500       0      0      0     65      3      0     68   77.4
0600       0      0      0     78      0      0     78   80.8
0700       0      0     21     42      0      9     72   83.9
0800       0      0      0     56     30      1     87   87.6
0900       0      0      0     35     66      0    101   92.0
1000       0      0      0     37     66      0    103   96.5
1100       0      0     34     45      0      2     81  100.0
------------------------------------------------------
Total      0    115    113   1566    315    204   2313


-------------- Q S O   R a t e   S u m m a r y ---------------------
Hour     160     80     40     20     15     10    Rate Total    Pct
--------------------------------------------------------------------
1200       0      0      0    135    115     20    270    270    5.4
1300       0      0     10     99    107     18    234    504   10.1
1400       0      0      8    114    118     24    264    768   15.4
1500       0      0     56     75     63     95    289   1057   21.2
1600       0      0     20    131     59     33    243   1300   26.0
1700       0      0     31     12    115    101    259   1559   31.2
1800       0      0     15     88     63     73    239   1798   36.0
1900       0      0     23    118    118      6    265   2063   41.3
2000       0      0     67     76     55     10    208   2271   45.5
2100       0     41     50    105     42      0    238   2509   50.2
2200       0     81    126     90      0      0    297   2806   56.2
2300       0     99     38     85      4      0    226   3032   60.7
0000       0     55     84     78      3      0    220   3252   65.1
0100       0     34     39     64      0      0    137   3389   67.8
0200       0     72    131     13      0      0    216   3605   72.2
0300       0     36     71     12      2      0    121   3726   74.6
0400       0     12     74     33      0      0    119   3845   77.0
0500       0      0     37     65     20      0    122   3967   79.4
0600       0      0     29     78     16      0    123   4090   81.9
0700       0      0     91     42     20     10    163   4253   85.1
0800       0      0     22    121     30     30    203   4456   89.2
0900       0      0      0     35     66    102    203   4659   93.3
1000       0      0     33     55     66     23    177   4836   96.8
1100       0      0     34     81     40      4    159   4995  100.0
------------------------------------------------------
Total      0    430   1089   1806   1122    549   4996

Gross QSOs=5125        Dupes=129        Net QSOs=4996

Unique callsigns worked = 2446

The best 60 minute rate was 331/hour from 1437 to 1536
The best 30 minute rate was 380/hour from 1454 to 1523
The best 10 minute rate was 438/hour from 2206 to 2215

The best 1 minute rates were:
11 QSOs/minute    1 times.
10 QSOs/minute    3 times.
 9 QSOs/minute   15 times.
 8 QSOs/minute   39 times.
 7 QSOs/minute   74 times.
 6 QSOs/minute  120 times.
 5 QSOs/minute  164 times.
 4 QSOs/minute  235 times.
 3 QSOs/minute  274 times.
 2 QSOs/minute  254 times.
 1 QSOs/minute  179 times.

Number of letters in callsigns
Letters  # worked
-----------------
   3        36
   4      1909
   5      1929
   6      1073
   7        22
   8        17
   9         4
  10         6

------------ M u l t i p l i e r   S u m m a r y ------------
Mult     160     80     40     20     15     10  Total    Pct
-------------------------------------------------------------
28         0    174    470    682    498    385   2209   44.2
08         0     15    148    359    213      2    737   14.8
27         0    118    193    125     85     66    587   11.7
29         0     46    109    263     91     30    539   10.8
18         0     19     40     54     19      3    135    2.7
07         0      0      8     58     40      0    106    2.1
30         0      2     20     39     23      0     84    1.7
04         0      3     13     28     15      0     59    1.2
37         0      3     12     18     15     11     59    1.2
06         0      0      0     34     17      0     51    1.0
11         0      1      7     13     11      3     35    0.7
09         0      4      4     14      9      0     31    0.6
39         0      1      3      9      8      2     23    0.5
14         0      0      1      7      3      5     16    0.3
12         0      0      3      4      5      3     15    0.3
32         0      0      0      8      5      0     13    0.3
15         0      1      3      5      1      2     12    0.2
31         0      0      1      6      5      0     12    0.2
ZRS        0      2      2      2      2      2     10    0.2
SRS        0      2      2      2      2      2     10    0.2
HRS        0      1      2      2      2      2      9    0.2
PZK        0      2      1      2      2      2      9    0.2
BFRA       0      1      2      2      2      2      9    0.2
FRR        0      2      2      2      2      1      9    0.2
R1         0      1      3      2      1      2      9    0.2
36         0      1      0      3      3      2      9    0.2
URE        0      2      2      2      2      1      9    0.2
SRR        0      2      2      2      2      1      9    0.2
RSGB       0      2      2      2      2      1      9    0.2
OV         0      2      1      2      2      2      9    0.2
DARC       0      2      2      2      2      1      9    0.2
MRASZ      0      2      2      1      1      2      8    0.2
USKA       0      1      0      2      2      2      7    0.1
BFRR       0      1      2      2      1      1      7    0.1
SSA        0      1      2      1      2      1      7    0.1
REF        0      2      2      1      1      1      7    0.1
UBA        0      2      2      1      1      1      7    0.1
ARABH      0      0      2      1      2      2      7    0.1
ARI        0      2      2      2      0      0      6    0.1
17         0      1      1      1      2      0      5    0.1
SRAL       0      1      2      1      1      0      5    0.1
VERON      0      0      2      1      1      1      5    0.1
45         0      0      0      3      2      0      5    0.1
19         0      0      1      4      0      0      5    0.1
IRA        0      2      2      0      1      0      5    0.1
42         0      0      0      2      2      0      4    0.1
RSM        0      1      0      1      1      1      4    0.1
02         0      0      0      4      0      0      4    0.1
EDR        0      1      2      1      0      0      4    0.1
AC         0      1      1      2      0      0      4    0.1
RCA        0      0      0      0      1      2      3    0.1
BARC       0      0      0      1      2      0      3    0.1
IRTS       0      2      0      0      1      0      3    0.1
60         0      0      1      2      0      0      3    0.1
ARAT       0      0      0      1      1      0      2    0.0
20         0      0      0      2      0      0      2    0.0
41         0      0      0      2      0      0      2    0.0
03         0      0      0      0      2      0      2    0.0
ARRL       0      0      0      2      0      0      2    0.0
RCP        0      0      0      1      1      0      2    0.0
IARU       0      0      1      1      0      0      2    0.0
10         0      0      0      2      0      0      2    0.0
MARP       0      1      1      0      0      0      2    0.0
58         0      0      0      1      1      0      2    0.0
ERAU       0      0      0      0      1      0      1    0.0
EI         0      0      0      0      0      1      1    0.0
13         0      0      0      0      0      1      1    0.0
48         0      0      0      0      1      0      1    0.0
KFRR       0      0      0      1      0      0      1    0.0
49         0      0      0      1      0      0      1    0.0
CRAC       0      0      0      1      0      0      1    0.0
75         0      0      0      1      0      0      1    0.0
50         0      0      1      0      0      0      1    0.0
NARG       0      0      1      0      0      0      1    0.0
59         0      0      0      1      0      0      1    0.0
GRC        0      0      0      1      0      0      1    0.0
FRA        0      0      1      0      0      0      1    0.0
57         0      0      0      1      0      0      1    0.0
ARUKR      0      0      0      0      1      0      1    0.0
54         0      0      0      0      1      0      1    0.0
------------------------------------------------------
Total      0    430   1089   1806   1122    549   4996

Multi-band QSOs
---------------
1 bands    1359
2 bands     527
3 bands     303
4 bands     158
5 bands      99
6 bands       0

------- S i n g l e   B a n d   Q S O s ------
Band    160     80     40     20     15     10
----------------------------------------------
QSOs      0     38    273    715    233    100
