Cabrillo Statistics           (Version 10g)           by K5KA & N6TV
http://bit.ly/cabstat

CONTEST: IARU-HF
CALLSIGN: MB2U
CATEGORY-OPERATOR: MULTI-OP
CATEGORY-TRANSMITTER: TWO
OPERATORS: VK2IA ZL3CW

**  0  ****** Q S O   R a t e   S u m m a r y **************

Hour     160     80     40     20     15     10  Total    Pct
-------------------------------------------------------------
1200       0      0      0    158      0      0    158    6.6
1300       0      0      0    152      0      0    152   13.0
1400       0      0      0     37      0     83    120   18.0
1500       0      0      0      0     18     62     80   21.4
1600       0      0     38     26     17      2     83   24.8
1700       0      0      0     64      0     83    147   31.0
1800       0      0      0      1      0     99    100   35.2
1900       0      0      0      0    113     16    129   40.6
2000       0      0     60      0     27      8     95   44.6
2100       0      0    144      0      0      0    144   50.6
2200       0      0     66     13      1      0     80   54.0
2300       0      0     18    119      0      0    137   59.7
0000       0     38      0     81      0      0    119   64.7
0100       0     13      6     46      0      0     65   67.4
0200       0      0     98      0      0      0     98   71.5
0300       0      0     77      0      0      0     77   74.7
0400       0      0     51      0      0      0     51   76.9
0500       0      0     59      0      0      0     59   79.3
0600       0      0     44      5      5      0     54   81.6
0700       0      0      0    113      0      0    113   86.3
0800       0      0      0     82      0      6     88   90.0
0900       0      0      0      0     33     37     70   93.0
1000       0      0      0      0    114      0    114   97.7
1100       0      0      0      0     47      7     54  100.0
------------------------------------------------------
Total      0     51    661    897    375    403   2387


**  1  ****** Q S O   R a t e   S u m m a r y **************

Hour     160     80     40     20     15     10  Total    Pct
-------------------------------------------------------------
1200       0      0      0      0    130      0    130    5.9
1300       0      0     11      0     71      0     82    9.6
1400       0      0     97      0     39      0    136   15.8
1500       0      0     44     24     68      0    136   21.9
1600       0      0      0     77     58      0    135   28.0
1700       0      0      0      0    116      0    116   33.3
1800       0      0     29      6     16      0     51   35.6
1900       0     47     64      0      0      6    117   40.9
2000       0    111      0      2      0      0    113   46.0
2100       0      0      0    143      4      0    147   52.7
2200       0    117      0      0     21      0    138   58.9
2300       0     33     48      0      0      0     81   62.6
0000       0      0    113      0      0      0    113   67.7
0100       0     49     51      0      0      0    100   72.3
0200       0     12      0     45      0      0     57   74.9
0300       0     36      0     22      0      0     58   77.5
0400       0     29      0     33      0      0     62   80.3
0500       0      0      0     57      0      0     57   82.9
0600       0      0      0     67     17      0     84   86.7
0700       0      0      0      0     49      2     51   89.0
0800       0      0      0      0     74      0     74   92.3
0900       0      0      0     37     19      0     56   94.9
1000       0      0      0     82      0      0     82   98.6
1100       0      0      0      9      0     22     31  100.0
------------------------------------------------------
Total      0    434    457    604    682     30   2207


-------------- Q S O   R a t e   S u m m a r y ---------------------
Hour     160     80     40     20     15     10    Rate Total    Pct
--------------------------------------------------------------------
1200       0      0      0    158    130      0    288    288    6.3
1300       0      0     11    152     71      0    234    522   11.4
1400       0      0     97     37     39     83    256    778   16.9
1500       0      0     44     24     86     62    216    994   21.6
1600       0      0     38    103     75      2    218   1212   26.4
1700       0      0      0     64    116     83    263   1475   32.1
1800       0      0     29      7     16     99    151   1626   35.4
1900       0     47     64      0    113     22    246   1872   40.7
2000       0    111     60      2     27      8    208   2080   45.3
2100       0      0    144    143      4      0    291   2371   51.6
2200       0    117     66     13     22      0    218   2589   56.4
2300       0     33     66    119      0      0    218   2807   61.1
0000       0     38    113     81      0      0    232   3039   66.2
0100       0     62     57     46      0      0    165   3204   69.7
0200       0     12     98     45      0      0    155   3359   73.1
0300       0     36     77     22      0      0    135   3494   76.1
0400       0     29     51     33      0      0    113   3607   78.5
0500       0      0     59     57      0      0    116   3723   81.0
0600       0      0     44     72     22      0    138   3861   84.0
0700       0      0      0    113     49      2    164   4025   87.6
0800       0      0      0     82     74      6    162   4187   91.1
0900       0      0      0     37     52     37    126   4313   93.9
1000       0      0      0     82    114      0    196   4509   98.1
1100       0      0      0      9     47     29     85   4594  100.0
------------------------------------------------------
Total      0    485   1118   1501   1057    433   4594

Gross QSOs=4662        Dupes=68        Net QSOs=4594

Unique callsigns worked = 2308

The best 60 minute rate was 306/hour from 1214 to 1313
The best 30 minute rate was 346/hour from 2104 to 2133
The best 10 minute rate was 396/hour from 2109 to 2118

The best 1 minute rates were:
 8 QSOs/minute   11 times.
 7 QSOs/minute   45 times.
 6 QSOs/minute   94 times.
 5 QSOs/minute  205 times.
 4 QSOs/minute  258 times.
 3 QSOs/minute  276 times.
 2 QSOs/minute  270 times.
 1 QSOs/minute  202 times.

Number of letters in callsigns
Letters  # worked
-----------------
   3        39
   4      1835
   5      1727
   6       949
   7        18
   8        15
   9         5
  10         5

------------ M u l t i p l i e r   S u m m a r y ------------
Mult     160     80     40     20     15     10  Total    Pct
-------------------------------------------------------------
28         0    202    444    502    488    304   1940   42.2
08         0     14    196    334    191      0    735   16.0
29         0     53    131    231     92     30    537   11.7
27         0    135    161    101     79     58    534   11.6
18         0     22     46     47     21      2    138    3.0
07         0      0     14     59     42      0    115    2.5
30         0      7     28     44     18      0     97    2.1
04         0      2     13     24     15      0     54    1.2
06         0      0      0     38     16      0     54    1.2
37         0      4     11     10     13      3     41    0.9
39         0      2      7      7      8      1     25    0.5
09         0      2      6     11      5      0     24    0.5
11         0      1      4      9      6      1     21    0.5
31         0      0      1      8      5      0     14    0.3
ZRS        0      2      2      2      2      2     10    0.2
32         0      0      0      6      4      0     10    0.2
HRS        0      2      2      1      2      2      9    0.2
PZK        0      2      2      2      2      1      9    0.2
15         0      0      3      2      2      2      9    0.2
FRR        0      2      2      2      1      1      8    0.2
URE        0      2      2      1      2      1      8    0.2
R1         0      1      1      2      3      1      8    0.2
MRASZ      0      2      1      2      1      2      8    0.2
RSGB       0      2      2      1      2      1      8    0.2
SRS        0      2      1      2      1      2      8    0.2
SRR        0      1      2      2      2      1      8    0.2
BFRA       0      1      2      2      2      1      8    0.2
SRAL       0      2      2      2      1      1      8    0.2
OV         0      1      2      2      1      1      7    0.2
SSA        0      2      2      1      1      1      7    0.2
02         0      0      0      6      1      0      7    0.2
DARC       0      1      2      1      1      1      6    0.1
ARABH      0      1      1      1      1      2      6    0.1
USKA       0      2      1      2      0      1      6    0.1
BFRR       0      1      2      0      1      2      6    0.1
12         0      0      3      2      1      0      6    0.1
ARI        0      1      1      1      0      2      5    0.1
36         0      0      1      1      2      1      5    0.1
14         0      1      2      1      0      1      5    0.1
REF        0      2      1      0      1      0      4    0.1
RSM        0      0      1      1      1      1      4    0.1
49         0      0      0      2      2      0      4    0.1
45         0      0      0      1      3      0      4    0.1
41         0      0      1      1      2      0      4    0.1
19         0      0      1      3      0      0      4    0.1
17         0      0      1      1      0      1      3    0.1
ERAU       0      1      1      0      1      0      3    0.1
UBA        0      2      1      0      0      0      3    0.1
VERON      0      2      1      0      0      0      3    0.1
ARRL       0      0      0      2      1      0      3    0.1
EDR        0      0      1      1      0      1      3    0.1
60         0      0      1      2      0      0      3    0.1
10         0      0      0      3      0      0      3    0.1
IRA        0      1      1      0      1      0      3    0.1
BARC       0      0      0      1      1      0      2    0.0
AC         0      1      0      1      0      0      2    0.0
IARU       0      0      1      1      0      0      2    0.0
ROARS      0      0      0      1      1      0      2    0.0
20         0      0      0      2      0      0      2    0.0
44         0      0      0      0      2      0      2    0.0
ARAT       0      0      0      1      0      0      1    0.0
57         0      0      0      0      1      0      1    0.0
48         0      0      0      0      1      0      1    0.0
34         0      0      0      1      0      0      1    0.0
ARM        0      0      0      0      1      0      1    0.0
RCA        0      0      0      0      0      1      1    0.0
75         0      0      0      1      0      0      1    0.0
0U         0      0      1      0      0      0      1    0.0
54         0      0      1      0      0      0      1    0.0
MARP       0      0      1      0      0      0      1    0.0
IRTS       0      1      0      0      0      0      1    0.0
RCP        0      0      0      1      0      0      1    0.0
42         0      0      0      0      1      0      1    0.0
59         0      0      0      1      0      0      1    0.0
58         0      0      0      0      1      0      1    0.0
89         0      0      0      1      0      0      1    0.0
PARA       0      0      0      0      1      0      1    0.0
------------------------------------------------------
Total      0    485   1118   1501   1057    433   4594

Multi-band QSOs
---------------
1 bands    1220
2 bands     501
3 bands     320
4 bands     152
5 bands     115
6 bands       0

------- S i n g l e   B a n d   Q S O s ------
Band    160     80     40     20     15     10
----------------------------------------------
QSOs      0     64    270    565    223     98
