Cabrillo Statistics           (Version 10g)           by K5KA & N6TV
http://bit.ly/cabstat

CONTEST: IARU-HF
CALLSIGN: MB3B
CATEGORY-OPERATOR: MULTI-OP
CATEGORY-TRANSMITTER: TWO
OPERATORS: PY2NY, PY7ZC

**  1  ****** Q S O   R a t e   S u m m a r y **************

Hour     160     80     40     20     15     10  Total    Pct
-------------------------------------------------------------
1200       0      0      0    113      0     24    137    4.9
1300       0      0      0    168      0      0    168   11.0
1400       0      0      0     75     68      0    143   16.1
1500       0      0      0     39     25     15     79   19.0
1600       0      0      0    109      1     14    124   23.5
1700       0      0      0    155      0      0    155   29.0
1800       0      0     24     66      0     48    138   34.0
1900       0      0    176      0      0      0    176   40.4
2000       0      0     80     47      0      0    127   44.9
2100       0      0    166      0      0      0    166   50.9
2200       0     17    106      0      0      0    123   55.4
2300       0    154      0      0      0      0    154   60.9
0000       0     95      0      0      0      0     95   64.3
0100       0     88      0      0      0      0     88   67.5
0200       0     27     99      0      0      0    126   72.0
0300       0      0     63      7      9      0     79   74.9
0400       0      0      0     44      5      0     49   76.6
0500       0      0      0     67      4      0     71   79.2
0600       0      0      0     72     21      0     93   82.6
0700       0      0      0     61     16      0     77   85.3
0800       0      0     44      0      0     49     93   88.7
0900       0      0      0      0      0    105    105   92.5
1000       0      0      0     67      0     21     88   95.6
1100       0      0      0     52     63      6    121  100.0
------------------------------------------------------
Total      0    381    758   1142    212    282   2775


**  0  ****** Q S O   R a t e   S u m m a r y **************

Hour     160     80     40     20     15     10  Total    Pct
-------------------------------------------------------------
1200       0      0      0      0    100      0    100    6.1
1300       0      0      0      0     50     12     62    9.9
1400       0      0      0      0     12     73     85   15.1
1500       0      0      0      0     19     62     81   20.1
1600       0      0     82      0      6      0     88   25.5
1700       0      0     25      0      0     48     73   29.9
1800       0      0      0      1     98      9    108   36.6
1900       0      0      0     62      0     13     75   41.2
2000       0      0      0     11     56      8     75   45.7
2100       0     82      0     36      0      0    118   53.0
2200       0     82      8      0      0      0     90   58.5
2300       0      0     73      0      0      0     73   63.0
0000       0      0     21      3      0      0     24   64.4
0100       0      0     16      6      0      0     22   65.8
0200       0      0      0     66      0      0     66   69.8
0300       0     34      8      7      0      0     49   72.8
0400       0      0     22      0      0      0     22   74.2
0500       0      0     32      0      0      1     33   76.2
0600       0      0     53      0      3      0     56   79.6
0700       0      0     15     38      1      0     54   82.9
0800       0      0      0    101      0      0    101   89.1
0900       0      0      0     53     33      0     86   94.4
1000       0      0      0      0     46      6     52   97.6
1100       0      0      1      0     39      0     40  100.0
------------------------------------------------------
Total      0    198    356    384    463    232   1633


-------------- Q S O   R a t e   S u m m a r y ---------------------
Hour     160     80     40     20     15     10    Rate Total    Pct
--------------------------------------------------------------------
1200       0      0      0    113    100     24    237    237    5.4
1300       0      0      0    168     50     12    230    467   10.6
1400       0      0      0     75     80     73    228    695   15.8
1500       0      0      0     39     44     77    160    855   19.4
1600       0      0     82    109      7     14    212   1067   24.2
1700       0      0     25    155      0     48    228   1295   29.4
1800       0      0     24     67     98     57    246   1541   35.0
1900       0      0    176     62      0     13    251   1792   40.7
2000       0      0     80     58     56      8    202   1994   45.2
2100       0     82    166     36      0      0    284   2278   51.7
2200       0     99    114      0      0      0    213   2491   56.5
2300       0    154     73      0      0      0    227   2718   61.7
0000       0     95     21      3      0      0    119   2837   64.4
0100       0     88     16      6      0      0    110   2947   66.9
0200       0     27     99     66      0      0    192   3139   71.2
0300       0     34     71     14      9      0    128   3267   74.1
0400       0      0     22     44      5      0     71   3338   75.7
0500       0      0     32     67      4      1    104   3442   78.1
0600       0      0     53     72     24      0    149   3591   81.5
0700       0      0     15     99     17      0    131   3722   84.4
0800       0      0     44    101      0     49    194   3916   88.8
0900       0      0      0     53     33    105    191   4107   93.2
1000       0      0      0     67     46     27    140   4247   96.3
1100       0      0      1     52    102      6    161   4408  100.0
------------------------------------------------------
Total      0    579   1114   1526    675    514   4408

Gross QSOs=4490        Dupes=82        Net QSOs=4408

Unique callsigns worked = 2204

The best 60 minute rate was 289/hour from 2126 to 2225
The best 30 minute rate was 338/hour from 2134 to 2203
The best 10 minute rate was 420/hour from 1622 to 1631

The best 1 minute rates were:
12 QSOs/minute    1 times.
11 QSOs/minute    1 times.
10 QSOs/minute    1 times.
 9 QSOs/minute    8 times.
 8 QSOs/minute   11 times.
 7 QSOs/minute   49 times.
 6 QSOs/minute   79 times.
 5 QSOs/minute  156 times.
 4 QSOs/minute  230 times.
 3 QSOs/minute  317 times.
 2 QSOs/minute  275 times.
 1 QSOs/minute  197 times.

Number of letters in callsigns
Letters  # worked
-----------------
   3        30
   4      1468
   5      1762
   6      1094
   7        23
   8        20
   9         6
  10         4

------------ M u l t i p l i e r   S u m m a r y ------------
Mult     160     80     40     20     15     10  Total    Pct
-------------------------------------------------------------
28         0    244    507    745    358    372   2226   50.5
27         0    148    219    125     75     69    636   14.4
29         0     69    124    246     40     18    497   11.3
08         0     29    101    171     84      0    385    8.7
18         0     31     42     46      5      1    125    2.8
30         0      4     26     36      7      0     73    1.7
37         0      4     14     19     11      6     54    1.2
07         0      0      6     18     11      0     35    0.8
04         0      1      6     16      8      0     31    0.7
09         0      4      6     10      6      0     26    0.6
39         0      2      5      8      7      4     26    0.6
15         0      0      5      2      6      7     20    0.5
14         0      0      1      6      6      3     16    0.4
11         0      0      2      7      2      1     12    0.3
HRS        0      2      2      2      2      2     10    0.2
R1         0      3      3      2      1      1     10    0.2
ZRS        0      2      2      2      2      2     10    0.2
URE        0      2      2      2      2      2     10    0.2
BFRA       0      2      2      2      2      2     10    0.2
FRR        0      2      2      2      2      2     10    0.2
PZK        0      2      2      2      2      2     10    0.2
12         0      0      4      0      3      1      8    0.2
SRS        0      1      1      2      2      2      8    0.2
SSA        0      2      2      2      2      0      8    0.2
06         0      0      1      2      5      0      8    0.2
31         0      0      1      5      1      0      7    0.2
OV         0      1      1      2      1      2      7    0.2
SRR        0      2      2      2      1      0      7    0.2
32         0      0      1      5      1      0      7    0.2
EDR        0      1      2      2      1      0      6    0.1
MRASZ      0      2      2      1      1      0      6    0.1
DARC       0      1      2      1      1      1      6    0.1
UBA        0      2      1      1      1      1      6    0.1
ARABH      0      1      0      2      1      2      6    0.1
36         0      1      0      1      1      3      6    0.1
RSGB       0      2      1      0      1      2      6    0.1
BFRR       0      1      1      2      1      0      5    0.1
USKA       0      1      1      2      0      1      5    0.1
VERON      0      2      2      0      1      0      5    0.1
ARI        0      1      1      1      1      1      5    0.1
REF        0      2      1      0      1      0      4    0.1
SRAL       0      2      1      0      1      0      4    0.1
17         0      1      0      2      1      0      4    0.1
57         0      0      0      1      1      1      3    0.1
ERAU       0      1      1      0      1      0      3    0.1
BARC       0      0      0      2      1      0      3    0.1
IRA        0      1      2      0      0      0      3    0.1
ARAT       0      0      0      2      0      0      2    0.0
42         0      0      1      1      0      0      2    0.0
13         0      0      0      0      1      1      2    0.0
44         0      0      0      1      1      0      2    0.0
ARRL       0      0      1      1      0      0      2    0.0
60         0      0      1      1      0      0      2    0.0
54         0      0      0      1      0      0      1    0.0
UARL       0      0      0      1      0      0      1    0.0
RCA        0      0      0      0      1      0      1    0.0
20         0      0      0      1      0      0      1    0.0
MARP       0      0      0      1      0      0      1    0.0
REP        0      0      0      1      0      0      1    0.0
KFRR       0      0      0      1      0      0      1    0.0
48         0      0      0      1      0      0      1    0.0
ARM        0      0      0      1      0      0      1    0.0
LCRA       0      0      0      0      1      0      1    0.0
RCCR       0      0      0      1      0      0      1    0.0
OL0        0      0      1      0      0      0      1    0.0
02         0      0      0      1      0      0      1    0.0
49         0      0      0      1      0      0      1    0.0
AFVL       0      0      0      0      0      1      1    0.0
75         0      0      0      1      0      0      1    0.0
19         0      0      0      1      0      0      1    0.0
RSM        0      0      0      0      0      1      1    0.0
------------------------------------------------------
Total      0    579   1114   1526    675    514   4408

Multi-band QSOs
---------------
1 bands    1288
2 bands     482
3 bands     207
4 bands     138
5 bands      89
6 bands       0

------- S i n g l e   B a n d   Q S O s ------
Band    160     80     40     20     15     10
----------------------------------------------
QSOs      0     92    341    603    151    101
