Cabrillo Statistics           (Version 10g)           by K5KA & N6TV
http://bit.ly/cabstat

CONTEST: IARU-HF
CALLSIGN: MB3D
CATEGORY-OPERATOR: MULTI-OP
CATEGORY-TRANSMITTER: TWO
OPERATORS: M/UA4Z

**  0  ****** Q S O   R a t e   S u m m a r y **************

Hour     160     80     40     20     15     10  Total    Pct
-------------------------------------------------------------
1200       0      0      0    167     85     48    300    6.4
1300       0      0      0    167    150      3    320   13.2
1400       0      0      0    114    127     33    274   19.0
1500       0      0    109     67     48     35    259   24.6
1600       0     14     91     73     58     15    251   29.9
1700       0      4      0     77    120     56    257   35.4
1800       0      8     28     19    154     39    248   40.7
1900       0     43     30     12     64     48    197   44.9
2000       0     74     70    107     13      0    264   50.5
2100       0    105    113     23     18      0    259   56.0
2200       0     75     62     66      9      0    212   60.5
2300       0     50     47     94      2      0    193   64.6
0000       0     42     68     83      9      0    202   68.9
0100       0     31     33     79      1      0    144   72.0
0200       0      4     67     88      0      0    159   75.4
0300       0     69     32     15      0      0    116   77.9
0400       0     16     50     25      6      0     97   79.9
0500       0      0     79     31      8      0    118   82.4
0600       0      0     26     41     14      2     83   84.2
0700       0      0     34     73     14      8    129   87.0
0800       0      0      4     45     47     19    115   89.4
0900       0      0      7     66     34     21    128   92.1
1000       0      0      0     74    114     45    233   97.1
1100       0      0      0     78     36     22    136  100.0
------------------------------------------------------
Total      0    535    950   1684   1131    394   4694


**    ****** Q S O   R a t e   S u m m a r y **************

Hour     160     80     40     20     15     10  Total    Pct
-------------------------------------------------------------
1200       0      0      0      0      0      0      0    0.0
1300       0      0      0      0      0      0      0    0.0
1400       0      0      0      0      0      0      0    0.0
1500       0      0      0      0      0      0      0    0.0
1600       0      0      0      0      0      0      0    0.0
1700       0      0      0      0      0      0      0    0.0
1800       0      0      0      0      0      0      0    0.0
1900       0      0      0      0      0      0      0    0.0
2000       0      0      0      0      0      0      0    0.0
2100       0      0      0      0      0      0      0    0.0
2200       0      0      0      0      0      0      0    0.0
2300       0      0      0      0      0      0      0    0.0
0000       0      0      0      0      0      0      0    0.0
0100       0      0      0      0      0      0      0    0.0
0200       0      0      0      0      0      0      0    0.0
0300       0      0      0      0      0      0      0    0.0
0400       0      0      0      0      0      0      0    0.0
0500       0      0      0      0      0      0      0    0.0
0600       0      0      0      0      0      0      0    0.0
0700       0      0      0      0      0      0      0    0.0
0800       0      0      0      0      0      0      0    0.0
0900       0      0      0      0      0      0      0    0.0
1000       0      0      0      0      0      0      0    0.0
1100       0      0      0      0      0      0      0    0.0
------------------------------------------------------
Total      0      0      0      0      0      0      0


-------------- Q S O   R a t e   S u m m a r y ---------------------
Hour     160     80     40     20     15     10    Rate Total    Pct
--------------------------------------------------------------------
1200       0      0      0    167     85     48    300    300    6.4
1300       0      0      0    167    150      3    320    620   13.2
1400       0      0      0    114    127     33    274    894   19.0
1500       0      0    109     67     48     35    259   1153   24.6
1600       0     14     91     73     58     15    251   1404   29.9
1700       0      4      0     77    120     56    257   1661   35.4
1800       0      8     28     19    154     39    248   1909   40.7
1900       0     43     30     12     64     48    197   2106   44.9
2000       0     74     70    107     13      0    264   2370   50.5
2100       0    105    113     23     18      0    259   2629   56.0
2200       0     75     62     66      9      0    212   2841   60.5
2300       0     50     47     94      2      0    193   3034   64.6
0000       0     42     68     83      9      0    202   3236   68.9
0100       0     31     33     79      1      0    144   3380   72.0
0200       0      4     67     88      0      0    159   3539   75.4
0300       0     69     32     15      0      0    116   3655   77.9
0400       0     16     50     25      6      0     97   3752   79.9
0500       0      0     79     31      8      0    118   3870   82.4
0600       0      0     26     41     14      2     83   3953   84.2
0700       0      0     34     73     14      8    129   4082   87.0
0800       0      0      4     45     47     19    115   4197   89.4
0900       0      0      7     66     34     21    128   4325   92.1
1000       0      0      0     74    114     45    233   4558   97.1
1100       0      0      0     78     36     22    136   4694  100.0
------------------------------------------------------
Total      0    535    950   1684   1131    394   4694

Gross QSOs=4833        Dupes=139        Net QSOs=4694

Unique callsigns worked = 2418

The best 60 minute rate was 365/hour from 1216 to 1315
The best 30 minute rate was 380/hour from 1220 to 1249
The best 10 minute rate was 402/hour from 1227 to 1236

The best 1 minute rates were:
 9 QSOs/minute    6 times.
 8 QSOs/minute   26 times.
 7 QSOs/minute   62 times.
 6 QSOs/minute  121 times.
 5 QSOs/minute  162 times.
 4 QSOs/minute  216 times.
 3 QSOs/minute  295 times.
 2 QSOs/minute  257 times.
 1 QSOs/minute  199 times.

Number of letters in callsigns
Letters  # worked
-----------------
   3        35
   4      1802
   5      1785
   6      1017
   7        23
   8        17
   9         8
  10         6

------------ M u l t i p l i e r   S u m m a r y ------------
Mult     160     80     40     20     15     10  Total    Pct
-------------------------------------------------------------
28         0    246    442    625    500    260   2073   44.2
08         0     36     94    365    226      0    721   15.4
29         0     62    124    239     99     33    557   11.9
27         0    115    124     94     64     52    449    9.6
07         0      0      7     85     52      0    144    3.1
18         0     26     45     40     18      2    131    2.8
30         0      8     19     43     24      3     97    2.1
37         0      4     14     19     16     10     63    1.3
04         0      3      8     30     17      0     58    1.2
06         0      0      0     32     24      0     56    1.2
39         0      3      4     11     12      3     33    0.7
09         0      2      6     14      7      0     29    0.6
11         0      1      5      9      5      1     21    0.4
15         0      0      3      2      5      1     11    0.2
PZK        0      2      2      2      2      2     10    0.2
31         0      0      1      6      3      0     10    0.2
FRR        0      2      2      2      2      1      9    0.2
HRS        0      1      2      2      2      2      9    0.2
ZRS        0      1      2      2      2      2      9    0.2
12         0      0      1      4      4      0      9    0.2
URE        0      1      2      2      2      1      8    0.2
BFRA       0      1      2      2      2      1      8    0.2
32         0      0      2      5      1      0      8    0.2
REF        0      2      2      1      1      2      8    0.2
R1         0      1      3      1      2      1      8    0.2
RSGB       0      2      2      1      2      1      8    0.2
OV         0      1      2      2      1      2      8    0.2
SRS        0      1      2      2      0      2      7    0.1
SSA        0      1      2      2      1      1      7    0.1
44         0      0      1      2      4      0      7    0.1
SRR        0      1      1      2      2      1      7    0.1
MRASZ      0      1      1      1      2      2      7    0.1
ARABH      0      2      1      1      1      2      7    0.1
DARC       0      1      3      0      0      2      6    0.1
SRAL       0      1      2      1      2      0      6    0.1
USKA       0      1      1      2      2      0      6    0.1
BFRR       0      1      1      2      2      0      6    0.1
VERON      0      1      2      0      1      1      5    0.1
36         0      1      0      2      1      1      5    0.1
02         0      0      0      4      0      0      4    0.1
EDR        0      0      2      2      0      0      4    0.1
19         0      0      1      2      0      0      3    0.1
42         0      0      1      1      1      0      3    0.1
54         0      0      2      0      1      0      3    0.1
UBA        0      1      1      0      0      1      3    0.1
IRA        0      1      1      0      1      0      3    0.1
10         0      0      0      1      2      0      3    0.1
IARU       0      0      1      1      1      0      3    0.1
60         0      0      1      2      0      0      3    0.1
17         0      0      0      1      1      0      2    0.0
ARAT       0      0      0      1      1      0      2    0.0
14         0      0      0      1      1      0      2    0.0
KFRR       0      0      0      1      1      0      2    0.0
BARC       0      0      0      1      1      0      2    0.0
75         0      0      0      2      0      0      2    0.0
50         0      0      0      1      0      0      1    0.0
45         0      0      0      0      1      0      1    0.0
57         0      0      0      0      1      0      1    0.0
SHRAK      0      0      0      0      1      0      1    0.0
48         0      0      0      1      0      0      1    0.0
03         0      0      0      0      1      0      1    0.0
13         0      0      0      0      0      1      1    0.0
49         0      0      0      1      0      0      1    0.0
89         0      1      0      0      0      0      1    0.0
16         0      0      0      0      1      0      1    0.0
AFVL       0      0      1      0      0      0      1    0.0
ARRL       0      0      0      1      0      0      1    0.0
59         0      0      0      1      0      0      1    0.0
MARP       0      0      1      0      0      0      1    0.0
ARI        0      0      1      0      0      0      1    0.0
REP        0      0      0      0      1      0      1    0.0
ERAU       0      0      0      1      0      0      1    0.0
IRTS       0      0      0      1      0      0      1    0.0
NARL       0      0      0      0      1      0      1    0.0
------------------------------------------------------
Total      0    535    950   1684   1131    394   4694

Multi-band QSOs
---------------
1 bands    1337
2 bands     531
3 bands     271
4 bands     167
5 bands     112
6 bands       0

------- S i n g l e   B a n d   Q S O s ------
Band    160     80     40     20     15     10
----------------------------------------------
QSOs      0     83    215    685    295     59
