Cabrillo Statistics           (Version 10g)           by K5KA & N6TV
http://bit.ly/cabstat

CONTEST: IARU-HF
CALLSIGN: MB3F
CATEGORY-OPERATOR: MULTI-OP
CATEGORY-TRANSMITTER: TWO
OPERATORS: RA9P R2BFL

**  1  ****** Q S O   R a t e   S u m m a r y **************

Hour     160     80     40     20     15     10  Total    Pct
-------------------------------------------------------------
1200       0      0      0    204      0      0    204    8.0
1300       0      0      0    190      0      0    190   15.4
1400       0      0      0    174      0      0    174   22.1
1500       0      0     13    128      0      0    141   27.6
1600       0      0     96     27      0      0    123   32.4
1700       0      0     36     60      0      0     96   36.2
1800       0      0     50     52      0      0    102   40.1
1900       0      0     71     57      0      0    128   45.1
2000       0      0     65     46      0      0    111   49.5
2100       0    138      0      5      0      0    143   55.0
2200       0    113      0      0      0      0    113   59.4
2300       0     31     15     43      0      0     89   62.9
0000       0      0     34    101      0      0    135   68.2
0100       0      0    112      0      0      0    112   72.5
0200       0      0     23     44      0      0     67   75.1
0300       0      0     72      0      0      0     72   77.9
0400       0      0     44      6      0      0     50   79.9
0500       0      0      7     39      0      0     46   81.7
0600       0      0     26     44      0      0     70   84.4
0700       0      0      0    100      0      1    101   88.3
0800       0      0      0     77      6     13     96   92.1
0900       0      0      0     31     41     13     85   95.4
1000       0      0      0      0     27     30     57   97.6
1100       0      0      0     51      0     10     61  100.0
------------------------------------------------------
Total      0    282    664   1479     74     67   2566


**  0  ****** Q S O   R a t e   S u m m a r y **************

Hour     160     80     40     20     15     10  Total    Pct
-------------------------------------------------------------
1200       0      0     14      0    161      0    175    7.6
1300       0      0     49      0     72     14    135   13.4
1400       0      0     20      0     82     46    148   19.8
1500       0      0     81     11     23     11    126   25.2
1600       0      0      0     96     42      8    146   31.5
1700       0      0      9     34     59      0    102   35.9
1800       0      0      0     11    141      0    152   42.5
1900       0      0     35     40     26     13    114   47.4
2000       0     42     31     41      0      0    114   52.3
2100       0     17     77     24      0      0    118   57.4
2200       0      0    103     20      0      0    123   62.7
2300       0      0     74     31      0      0    105   67.2
0000       0     46     39      0      0      0     85   70.9
0100       0     35      0     39      0      0     74   74.1
0200       0     33     11     13      0      0     57   76.6
0300       0     35      0     10      3      0     48   78.6
0400       0      0      1     27      6      1     35   80.1
0500       0      0     35      0      5      0     40   81.9
0600       0      0      4     11     26      1     42   83.7
0700       0      0     37      0     30      2     69   86.7
0800       0      0      0      0     77     27    104   91.2
0900       0      0      0      0     23     58     81   94.6
1000       0      0      0     27     32      0     59   97.2
1100       0      0      2      0     61      2     65  100.0
------------------------------------------------------
Total      0    208    622    435    869    183   2317


-------------- Q S O   R a t e   S u m m a r y ---------------------
Hour     160     80     40     20     15     10    Rate Total    Pct
--------------------------------------------------------------------
1200       0      0     14    204    161      0    379    379    7.8
1300       0      0     49    190     72     14    325    704   14.4
1400       0      0     20    174     82     46    322   1026   21.0
1500       0      0     94    139     23     11    267   1293   26.5
1600       0      0     96    123     42      8    269   1562   32.0
1700       0      0     45     94     59      0    198   1760   36.0
1800       0      0     50     63    141      0    254   2014   41.2
1900       0      0    106     97     26     13    242   2256   46.2
2000       0     42     96     87      0      0    225   2481   50.8
2100       0    155     77     29      0      0    261   2742   56.2
2200       0    113    103     20      0      0    236   2978   61.0
2300       0     31     89     74      0      0    194   3172   65.0
0000       0     46     73    101      0      0    220   3392   69.5
0100       0     35    112     39      0      0    186   3578   73.3
0200       0     33     34     57      0      0    124   3702   75.8
0300       0     35     72     10      3      0    120   3822   78.3
0400       0      0     45     33      6      1     85   3907   80.0
0500       0      0     42     39      5      0     86   3993   81.8
0600       0      0     30     55     26      1    112   4105   84.1
0700       0      0     37    100     30      3    170   4275   87.5
0800       0      0      0     77     83     40    200   4475   91.6
0900       0      0      0     31     64     71    166   4641   95.0
1000       0      0      0     27     59     30    116   4757   97.4
1100       0      0      2     51     61     12    126   4883  100.0
------------------------------------------------------
Total      0    490   1286   1914    943    250   4883

Gross QSOs=5002        Dupes=119        Net QSOs=4883

Unique callsigns worked = 2476

The best 60 minute rate was 384/hour from 1213 to 1312
The best 30 minute rate was 412/hour from 1203 to 1232
The best 10 minute rate was 450/hour from 1210 to 1219

The best 1 minute rates were:
11 QSOs/minute    2 times.
10 QSOs/minute    2 times.
 9 QSOs/minute   13 times.
 8 QSOs/minute   28 times.
 7 QSOs/minute   93 times.
 6 QSOs/minute  106 times.
 5 QSOs/minute  176 times.
 4 QSOs/minute  215 times.
 3 QSOs/minute  259 times.
 2 QSOs/minute  246 times.
 1 QSOs/minute  204 times.

Number of letters in callsigns
Letters  # worked
-----------------
   3        39
   4      1913
   5      1919
   6       965
   7        18
   8        17
   9         8
  10         4

------------ M u l t i p l i e r   S u m m a r y ------------
Mult     160     80     40     20     15     10  Total    Pct
-------------------------------------------------------------
28         0    231    527    747    438    163   2106   43.1
08         0     13    192    335    120      0    660   13.5
29         0     62    161    302    111     22    658   13.5
27         0    102    204    127     76     34    543   11.1
18         0     26     54     63     20      0    163    3.3
07         0      0     11     71     35      0    117    2.4
30         0     10     30     45     25      0    110    2.3
06         0      0      0     44     24      0     68    1.4
04         0      2     13     26      9      0     50    1.0
37         0      4     14     14      6      2     40    0.8
39         0      2      5     15      8      2     32    0.7
11         0      1      8     12      2      0     23    0.5
09         0      1      4     13      4      0     22    0.5
31         0      0      1      9      4      0     14    0.3
15         0      0      5      3      4      1     13    0.3
32         0      0      1      7      4      0     12    0.2
HRS        0      2      2      2      2      2     10    0.2
ZRS        0      2      2      2      2      2     10    0.2
FRR        0      2      2      2      2      2     10    0.2
SRS        0      2      2      2      2      2     10    0.2
PZK        0      2      2      2      2      1      9    0.2
BFRA       0      1      2      2      2      2      9    0.2
14         0      1      2      5      1      0      9    0.2
URE        0      2      2      2      1      2      9    0.2
SRR        0      2      2      2      2      0      8    0.2
SSA        0      1      2      2      1      2      8    0.2
12         0      0      3      3      2      0      8    0.2
OV         0      0      2      2      2      2      8    0.2
MRASZ      0      1      2      2      2      1      8    0.2
RSGB       0      2      2      1      2      1      8    0.2
REF        0      1      2      2      2      1      8    0.2
R1         0      1      2      2      2      0      7    0.1
USKA       0      2      1      2      0      2      7    0.1
ARABH      0      1      1      1      1      1      5    0.1
BFRR       0      1      1      1      2      0      5    0.1
DARC       0      1      2      1      1      0      5    0.1
41         0      0      0      3      1      0      4    0.1
17         0      0      3      1      0      0      4    0.1
44         0      0      1      2      1      0      4    0.1
SRAL       0      1      1      0      1      1      4    0.1
02         0      0      0      4      0      0      4    0.1
VERON      0      2      2      0      0      0      4    0.1
ARI        0      1      2      0      1      0      4    0.1
EDR        0      1      2      1      0      0      4    0.1
48         0      0      2      1      0      0      3    0.1
UBA        0      2      1      0      0      0      3    0.1
54         0      0      0      2      1      0      3    0.1
36         0      1      0      1      1      0      3    0.1
10         0      0      0      2      1      0      3    0.1
19         0      0      0      3      0      0      3    0.1
60         0      0      0      3      0      0      3    0.1
IRA        0      1      1      0      1      0      3    0.1
20         0      0      0      2      0      0      2    0.0
45         0      0      0      0      2      0      2    0.0
BARC       0      0      0      1      1      0      2    0.0
KFRR       0      0      0      1      1      0      2    0.0
RSM        0      0      0      2      0      0      2    0.0
03         0      0      0      1      1      0      2    0.0
49         0      0      0      1      1      0      2    0.0
50         0      0      0      1      1      0      2    0.0
RORAS      0      0      0      1      1      0      2    0.0
AFVL       0      0      0      1      1      0      2    0.0
ARAT       0      0      0      1      0      0      1    0.0
SHRAK      0      0      0      0      0      1      1    0.0
42         0      0      0      1      0      0      1    0.0
58         0      0      1      0      0      0      1    0.0
75         0      0      0      1      0      0      1    0.0
CRAC       0      0      0      1      0      0      1    0.0
ARRL       0      0      0      1      0      0      1    0.0
RCP        0      0      0      1      0      0      1    0.0
FRA        0      0      1      0      0      0      1    0.0
AC         0      0      1      0      0      0      1    0.0
ARUKR      0      0      0      0      0      1      1    0.0
IRTS       0      0      0      1      0      0      1    0.0
57         0      0      0      0      1      0      1    0.0
52         0      0      0      0      1      0      1    0.0
NARL       0      0      0      0      1      0      1    0.0
------------------------------------------------------
Total      0    490   1286   1914    943    250   4883

Multi-band QSOs
---------------
1 bands    1332
2 bands     556
3 bands     316
4 bands     198
5 bands      74
6 bands       0

------- S i n g l e   B a n d   Q S O s ------
Band    160     80     40     20     15     10
----------------------------------------------
QSOs      0     54    324    750    171     33
