Cabrillo Statistics           (Version 10g)           by K5KA & N6TV
http://bit.ly/cabstat

CONTEST: IARU-HF
CALLSIGN: MB3G
CATEGORY-OPERATOR: MULTI-OP
CATEGORY-TRANSMITTER: TWO
OPERATORS: LY4A

**  0  ****** Q S O   R a t e   S u m m a r y **************

Hour     160     80     40     20     15     10  Total    Pct
-------------------------------------------------------------
1200       0      0      0    219      0      0    219    6.9
1300       0      0      0    136      0      0    136   11.1
1400       0      0      0    164     31     22    217   17.9
1500       0      0     34     90     76     81    281   26.8
1600       0      0    138     28     79      2    247   34.5
1700       0      0      3     30     59    148    240   42.0
1800       0      0      0    100      0    137    237   49.5
1900       0      0      0      0     77     31    108   52.9
2000       0      0      0      0     97      0     97   55.9
2100       0     60      0      3     56      0    119   59.6
2200       0     98      0      0      0      0     98   62.7
2300       0    127     39      0      0      0    166   67.9
0000       0     46     49      0      0      0     95   70.9
0100       0      0    109      0      0      0    109   74.3
0200       0     30     36      0      0      0     66   76.4
0300       0      0     66      8      0      0     74   78.7
0400       0      0     76      0      0      0     76   81.1
0500       0      1     69      1      7      0     78   83.5
0600       0      0     59      0     19      0     78   86.0
0700       0      0     30     72      4      0    106   89.3
0800       0      0      0     84      0      0     84   91.9
0900       0      0      0     45     40     19    104   95.2
1000       0      0      0      0     81      6     87   97.9
1100       0      0      0      0     65      1     66  100.0
------------------------------------------------------
Total      0    362    708    980    691    447   3188


**  1  ****** Q S O   R a t e   S u m m a r y **************

Hour     160     80     40     20     15     10  Total    Pct
-------------------------------------------------------------
1200       0      0      0      0    139      0    139    8.1
1300       0      0      0      0     81     24    105   14.2
1400       0      0      0      0     41     15     56   17.4
1500       0      0      0      0      0      0      0   17.4
1600       0      0      0      0      0      0      0   17.4
1700       0      0      0      0      0      0      0   17.4
1800       0      0      0     31      0      0     31   19.2
1900       0      0      0    142      0      0    142   27.4
2000       0      0     45     55      0      3    103   33.4
2100       0      0    116      0      0      0    116   40.1
2200       0      0     61      0      0      0     61   43.7
2300       0      0     87     29      0      0    116   50.4
0000       0     29      0     83      0      0    112   56.9
0100       0     68      0      0      0      0     68   60.8
0200       0      0      0     74      0      0     74   65.1
0300       0     63      0      9      0      0     72   69.3
0400       0      7      0     27      2      0     36   71.4
0500       0      0      0     35      7      0     42   73.8
0600       0      0      0     70      0      0     70   77.9
0700       0      0     22     38     19      0     79   82.5
0800       0      0     10      0     48      5     63   86.1
0900       0      0      0     45      1     51     97   91.8
1000       0      0      0     39      0      0     39   94.0
1100       0      0      0    103      0      0    103  100.0
------------------------------------------------------
Total      0    167    341    780    338     98   1724


-------------- Q S O   R a t e   S u m m a r y ---------------------
Hour     160     80     40     20     15     10    Rate Total    Pct
--------------------------------------------------------------------
1200       0      0      0    219    139      0    358    358    7.3
1300       0      0      0    136     81     24    241    599   12.2
1400       0      0      0    164     72     37    273    872   17.8
1500       0      0     34     90     76     81    281   1153   23.5
1600       0      0    138     28     79      2    247   1400   28.5
1700       0      0      3     30     59    148    240   1640   33.4
1800       0      0      0    131      0    137    268   1908   38.8
1900       0      0      0    142     77     31    250   2158   43.9
2000       0      0     45     55     97      3    200   2358   48.0
2100       0     60    116      3     56      0    235   2593   52.8
2200       0     98     61      0      0      0    159   2752   56.0
2300       0    127    126     29      0      0    282   3034   61.8
0000       0     75     49     83      0      0    207   3241   66.0
0100       0     68    109      0      0      0    177   3418   69.6
0200       0     30     36     74      0      0    140   3558   72.4
0300       0     63     66     17      0      0    146   3704   75.4
0400       0      7     76     27      2      0    112   3816   77.7
0500       0      1     69     36     14      0    120   3936   80.1
0600       0      0     59     70     19      0    148   4084   83.1
0700       0      0     52    110     23      0    185   4269   86.9
0800       0      0     10     84     48      5    147   4416   89.9
0900       0      0      0     90     41     70    201   4617   94.0
1000       0      0      0     39     81      6    126   4743   96.6
1100       0      0      0    103     65      1    169   4912  100.0
------------------------------------------------------
Total      0    529   1049   1760   1029    545   4912

Gross QSOs=5021        Dupes=109        Net QSOs=4912

Unique callsigns worked = 2406

The best 60 minute rate was 368/hour from 1203 to 1302
The best 30 minute rate was 398/hour from 1229 to 1258
The best 10 minute rate was 462/hour from 1233 to 1242

The best 1 minute rates were:
10 QSOs/minute    1 times.
 9 QSOs/minute   12 times.
 8 QSOs/minute   23 times.
 7 QSOs/minute   64 times.
 6 QSOs/minute  114 times.
 5 QSOs/minute  200 times.
 4 QSOs/minute  231 times.
 3 QSOs/minute  284 times.
 2 QSOs/minute  266 times.
 1 QSOs/minute  170 times.

Number of letters in callsigns
Letters  # worked
-----------------
   3        44
   4      1749
   5      1921
   6      1145
   7        18
   8        25
   9         8
  10         2

------------ M u l t i p l i e r   S u m m a r y ------------
Mult     160     80     40     20     15     10  Total    Pct
-------------------------------------------------------------
28         0    226    464    801    501    414   2406   49.0
29         0     58    111    280    107     41    597   12.2
08         0     18    153    229    143      0    543   11.1
27         0    134    144    124     85     52    539   11.0
18         0     29     47     60     27      0    163    3.3
30         0      5     22     43     25      0     95    1.9
07         0      0      8     45     17      0     70    1.4
37         0      6     15     22     14      4     61    1.2
04         0      0     11     23     10      0     44    0.9
06         0      0      2     24     13      0     39    0.8
39         0      2      5     11     12      2     32    0.7
09         0      2      7      8      7      0     24    0.5
11         0      1      4      6      4      1     16    0.3
31         0      0      1      6      6      0     13    0.3
MRASZ      0      2      2      2      2      2     10    0.2
R1         0      1      3      3      2      1     10    0.2
FRR        0      2      2      2      2      2     10    0.2
PZK        0      2      2      2      2      2     10    0.2
HRS        0      2      2      2      2      2     10    0.2
32         0      0      1      6      3      0     10    0.2
ZRS        0      2      2      2      2      2     10    0.2
SSA        0      2      2      2      2      1      9    0.2
URE        0      2      2      2      2      1      9    0.2
SRS        0      1      2      2      2      2      9    0.2
BFRR       0      2      2      2      2      1      9    0.2
SRR        0      2      2      2      1      2      9    0.2
ARABH      0      1      2      2      2      1      8    0.2
OV         0      2      0      2      2      2      8    0.2
BFRA       0      1      2      2      1      1      7    0.1
RSGB       0      2      1      1      2      1      7    0.1
REF        0      2      2      1      1      1      7    0.1
USKA       0      2      1      2      0      2      7    0.1
DARC       0      2      2      0      2      1      7    0.1
36         0      1      1      1      2      1      6    0.1
15         0      1      3      1      1      0      6    0.1
EDR        0      1      2      2      1      0      6    0.1
SRAL       0      2      1      2      0      0      5    0.1
IRTS       0      1      1      2      0      0      4    0.1
45         0      0      0      1      3      0      4    0.1
44         0      0      0      3      1      0      4    0.1
12         0      1      2      0      1      0      4    0.1
VERON      0      2      1      0      1      0      4    0.1
ARI        0      2      1      1      0      0      4    0.1
20         0      0      0      3      0      0      3    0.1
41         0      0      0      2      1      0      3    0.1
49         0      0      0      2      1      0      3    0.1
UBA        0      1      1      0      1      0      3    0.1
ERAU       0      1      1      0      1      0      3    0.1
57         0      0      0      1      1      0      2    0.0
48         0      0      0      1      1      0      2    0.0
17         0      1      0      1      0      0      2    0.0
13         0      0      0      0      1      1      2    0.0
54         0      0      0      2      0      0      2    0.0
14         0      0      1      0      0      1      2    0.0
19         0      0      0      2      0      0      2    0.0
42         0      0      0      1      1      0      2    0.0
02         0      0      0      2      0      0      2    0.0
IRA        0      1      1      0      0      0      2    0.0
RSM        0      1      0      1      0      0      2    0.0
60         0      0      1      1      0      0      2    0.0
BARC       0      0      0      2      0      0      2    0.0
AFVL       0      0      0      1      1      0      2    0.0
KFRR       0      0      0      1      1      0      2    0.0
ARAT       0      0      0      1      0      0      1    0.0
01         0      0      0      0      1      0      1    0.0
ARM        0      0      0      0      0      1      1    0.0
75         0      0      0      1      0      0      1    0.0
ARRL       0      0      0      0      1      0      1    0.0
FRA        0      0      1      0      0      0      1    0.0
MARP       0      0      1      0      0      0      1    0.0
RCA        0      0      1      0      0      0      1    0.0
IARU       0      0      1      0      0      0      1    0.0
53         0      0      0      1      0      0      1    0.0
TRAC       0      0      0      0      1      0      1    0.0
ROARS      0      0      0      0      1      0      1    0.0
------------------------------------------------------
Total      0    529   1049   1760   1029    545   4912

Multi-band QSOs
---------------
1 bands    1358
2 bands     489
3 bands     302
4 bands     155
5 bands     102
6 bands       0

------- S i n g l e   B a n d   Q S O s ------
Band    160     80     40     20     15     10
----------------------------------------------
QSOs      0     82    275    687    208    106
