Cabrillo Statistics           (Version 10g)           by K5KA & N6TV
http://bit.ly/cabstat

CONTEST: IARU-HF
CALLSIGN: MB3H
CATEGORY-OPERATOR: MULTI-OP
CATEGORY-TRANSMITTER: TWO
OPERATORS: N2IC K5WA

**  0  ****** Q S O   R a t e   S u m m a r y **************

Hour     160     80     40     20     15     10  Total    Pct
-------------------------------------------------------------
1200       0      0      0    195      0      3    198    7.0
1300       0      0      0     89      0     40    129   11.5
1400       0      0    113      5      0     25    143   16.5
1500       0      0      1    138      0      2    141   21.5
1600       0      0     79     60      0      4    143   26.5
1700       0      0     16      0      0    126    142   31.5
1800       0      6    100      0      0      5    111   35.4
1900       0      0     60      0      5     83    148   40.6
2000       0      0    113      0     21      6    140   45.5
2100       0      0     26      0     93      0    119   49.7
2200       0      0     47     73      4      0    124   54.0
2300       0      0      4    160      0      0    164   59.8
0000       0     10      0    117      0      0    127   64.3
0100       0     56      0     44      0      0    100   67.8
0200       0     94      0      0      0      0     94   71.1
0300       0     34      0     12      0      0     46   72.7
0400       0     28     71      0      0      0     99   76.2
0500       0      0     62      0      8      0     70   78.6
0600       0      0     35     27      0      7     69   81.1
0700       0      0      0    119      0      0    119   85.2
0800       0      0      0     93     12     15    120   89.5
0900       0      0      0      0      0    108    108   93.3
1000       0      0      0     73      0     29    102   96.8
1100       0      0     10     58      1     21     90  100.0
------------------------------------------------------
Total      0    228    737   1263    144    474   2846


**  1  ****** Q S O   R a t e   S u m m a r y **************

Hour     160     80     40     20     15     10  Total    Pct
-------------------------------------------------------------
1200       0      0      0      0    187      0    187    7.7
1300       0      0      0      0    120      0    120   12.7
1400       0      0      0      0    110      0    110   17.3
1500       0      0      0      0     67      0     67   20.0
1600       0      0      0      0     95      0     95   24.0
1700       0      0     32     66     55      0    153   30.3
1800       0      0      0     89      0      0     89   34.0
1900       0      0      0    165      0      0    165   40.8
2000       0      3      0    117      1      0    121   45.8
2100       0    170      0      0      0      0    170   52.9
2200       0     93     14      0      0      0    107   57.3
2300       0     91     20      0      0      0    111   61.9
0000       0      0    122      0      0      0    122   66.9
0100       0      0    109      0      0      0    109   71.4
0200       0      0     47      0      0      0     47   73.4
0300       0      0     57      5      0      0     62   76.0
0400       0      1      0     37      0      0     38   77.5
0500       0      1      0     41      0      0     42   79.3
0600       0      0      0     56     23      0     79   82.5
0700       0      0     33      0     21      0     54   84.8
0800       0      0      1     34     42      9     86   88.3
0900       0      0      0     34     71      0    105   92.7
1000       0      0     14      0    109      0    123   97.8
1100       0      0     36      8     10      0     54  100.0
------------------------------------------------------
Total      0    359    485    652    911      9   2416


-------------- Q S O   R a t e   S u m m a r y ---------------------
Hour     160     80     40     20     15     10    Rate Total    Pct
--------------------------------------------------------------------
1200       0      0      0    195    187      3    385    385    7.3
1300       0      0      0     89    120     40    249    634   12.0
1400       0      0    113      5    110     25    253    887   16.9
1500       0      0      1    138     67      2    208   1095   20.8
1600       0      0     79     60     95      4    238   1333   25.3
1700       0      0     48     66     55    126    295   1628   30.9
1800       0      6    100     89      0      5    200   1828   34.7
1900       0      0     60    165      5     83    313   2141   40.7
2000       0      3    113    117     22      6    261   2402   45.6
2100       0    170     26      0     93      0    289   2691   51.1
2200       0     93     61     73      4      0    231   2922   55.5
2300       0     91     24    160      0      0    275   3197   60.8
0000       0     10    122    117      0      0    249   3446   65.5
0100       0     56    109     44      0      0    209   3655   69.5
0200       0     94     47      0      0      0    141   3796   72.1
0300       0     34     57     17      0      0    108   3904   74.2
0400       0     29     71     37      0      0    137   4041   76.8
0500       0      1     62     41      8      0    112   4153   78.9
0600       0      0     35     83     23      7    148   4301   81.7
0700       0      0     33    119     21      0    173   4474   85.0
0800       0      0      1    127     54     24    206   4680   88.9
0900       0      0      0     34     71    108    213   4893   93.0
1000       0      0     14     73    109     29    225   5118   97.3
1100       0      0     46     66     11     21    144   5262  100.0
------------------------------------------------------
Total      0    587   1222   1915   1055    483   5262

Gross QSOs=5560        Dupes=298        Net QSOs=5262

Unique callsigns worked = 2541

The best 60 minute rate was 397/hour from 1205 to 1304
The best 30 minute rate was 426/hour from 1211 to 1240
The best 10 minute rate was 468/hour from 1654 to 1703

The best 1 minute rates were:
11 QSOs/minute    1 times.
10 QSOs/minute    6 times.
 9 QSOs/minute   13 times.
 8 QSOs/minute   35 times.
 7 QSOs/minute   80 times.
 6 QSOs/minute  138 times.
 5 QSOs/minute  199 times.
 4 QSOs/minute  244 times.
 3 QSOs/minute  263 times.
 2 QSOs/minute  241 times.
 1 QSOs/minute  164 times.

Number of letters in callsigns
Letters  # worked
-----------------
   3        39
   4      2042
   5      2014
   6      1116
   7        22
   8        17
   9         5
  10         6

------------ M u l t i p l i e r   S u m m a r y ------------
Mult     160     80     40     20     15     10  Total    Pct
-------------------------------------------------------------
28         0    254    507    782    497    325   2365   44.9
08         0     34    192    324    176      3    729   13.9
29         0     67    139    281    102     34    623   11.8
27         0    134    191    132     77     71    605   11.5
18         0     29     45     58     18      2    152    2.9
30         0      8     24     44     23      0     99    1.9
07         0      0     10     59     29      0     98    1.9
37         0      6     16     26     15      6     69    1.3
04         0      2     12     29     11      0     54    1.0
06         0      0      0     36     10      0     46    0.9
39         0      3      7     20      8      5     43    0.8
09         0      4      5     12      6      0     27    0.5
11         0      0      7     10      8      0     25    0.5
31         0      0      1      6      6      0     13    0.2
R1         0      2      3      3      3      2     13    0.2
HRS        0      2      2      2      2      2     10    0.2
PZK        0      2      2      2      2      2     10    0.2
FRR        0      2      2      2      2      2     10    0.2
URE        0      2      2      2      2      2     10    0.2
ZRS        0      2      2      2      2      2     10    0.2
SRS        0      2      2      2      2      2     10    0.2
32         0      0      0      6      4      0     10    0.2
RSGB       0      2      2      1      2      2      9    0.2
USKA       0      2      1      2      2      2      9    0.2
MRASZ      0      2      2      1      2      2      9    0.2
OV         0      1      2      2      2      2      9    0.2
BFRR       0      2      2      2      2      1      9    0.2
14         0      0      1      2      4      2      9    0.2
15         0      1      4      2      1      1      9    0.2
BFRA       0      1      2      2      2      1      8    0.2
SRR        0      1      2      2      2      1      8    0.2
DARC       0      2      2      0      2      2      8    0.2
ARABH      0      1      2      1      1      2      7    0.1
SSA        0      1      2      2      1      1      7    0.1
REF        0      2      2      2      1      0      7    0.1
ARI        0      1      1      2      1      1      6    0.1
02         0      0      0      5      1      0      6    0.1
SRAL       0      2      2      1      1      0      6    0.1
UBA        0      2      2      1      0      1      6    0.1
12         0      0      3      1      2      0      6    0.1
IRA        0      1      1      2      1      0      5    0.1
EDR        0      1      2      2      0      0      5    0.1
AC         0      1      1      3      0      0      5    0.1
17         0      1      1      1      1      0      4    0.1
44         0      0      0      3      1      0      4    0.1
45         0      0      0      3      1      0      4    0.1
VERON      0      2      1      0      1      0      4    0.1
19         0      0      1      2      0      0      3    0.1
49         0      0      0      2      1      0      3    0.1
36         0      1      1      0      1      0      3    0.1
60         0      0      1      2      0      0      3    0.1
BARC       0      0      0      1      1      0      2    0.0
ARAT       0      0      0      1      1      0      2    0.0
48         0      0      0      1      1      0      2    0.0
RSM        0      0      1      0      1      0      2    0.0
ARM        0      0      0      1      0      1      2    0.0
41         0      0      1      1      0      0      2    0.0
KFRR       0      0      0      1      1      0      2    0.0
ROARS      0      0      0      1      1      0      2    0.0
54         0      0      0      1      1      0      2    0.0
42         0      0      1      1      0      0      2    0.0
ERAU       0      1      0      1      0      0      2    0.0
53         0      0      0      2      0      0      2    0.0
AFVL       0      1      0      1      0      0      2    0.0
10         0      0      0      2      0      0      2    0.0
57         0      0      0      0      1      0      1    0.0
52         0      0      0      0      1      0      1    0.0
REP        0      0      0      1      0      0      1    0.0
IRTS       0      0      1      0      0      0      1    0.0
58         0      0      1      0      0      0      1    0.0
20         0      0      0      1      0      0      1    0.0
SHRAK      0      0      0      1      0      0      1    0.0
50         0      0      1      0      0      0      1    0.0
LCRA       0      0      0      0      1      0      1    0.0
13         0      0      0      0      1      0      1    0.0
RCP        0      0      0      0      1      0      1    0.0
16         0      0      0      0      1      0      1    0.0
CRAC       0      0      0      1      0      0      1    0.0
ARRL       0      0      0      1      0      0      1    0.0
MARP       0      0      1      0      0      0      1    0.0
61         0      0      0      1      0      0      1    0.0
IARU       0      0      1      0      0      0      1    0.0
FRA        0      0      0      1      0      0      1    0.0
TRAC       0      0      0      0      0      1      1    0.0
SKA        0      0      0      0      1      0      1    0.0
75         0      0      0      1      0      0      1    0.0
SARS       0      0      0      1      0      0      1    0.0
------------------------------------------------------
Total      0    587   1222   1915   1055    483   5262

Multi-band QSOs
---------------
1 bands    1385
2 bands     548
3 bands     303
4 bands     191
5 bands     114
6 bands       0

------- S i n g l e   B a n d   Q S O s ------
Band    160     80     40     20     15     10
----------------------------------------------
QSOs      0     78    300    728    214     65
