Cabrillo Statistics           (Version 10g)           by K5KA & N6TV
http://bit.ly/cabstat

CONTEST: IARU-HF
CALLSIGN: MB3K
CATEGORY-OPERATOR: MULTI-OP
CATEGORY-TRANSMITTER: TWO
OPERATORS: NA8V N9RV

**  0  ****** Q S O   R a t e   S u m m a r y **************

Hour     160     80     40     20     15     10  Total    Pct
-------------------------------------------------------------
1200       0      0      0     33     46     82    161    6.2
1300       0      0     38      0    131      7    176   13.0
1400       0      0    115      0      0     24    139   18.4
1500       0      0      0      0    110      9    119   23.0
1600       0      0    106      0     31      0    137   28.2
1700       0      0      0      0     53    123    176   35.0
1800       0      0     17     53      0     16     86   38.3
1900       0      0     85     65      0      0    150   44.1
2000       0      0      0     19     88      6    113   48.5
2100       0    160      0      0      0      0    160   54.7
2200       0     99      0      0      5      2    106   58.8
2300       0    109     36      0      0      0    145   64.4
0000       0      0    158      0      0      0    158   70.4
0100       0     33     87      0      0      0    120   75.1
0200       0     85      0      0      0      0     85   78.4
0300       0     58      0      1      0      0     59   80.6
0400       0     28      0     23      0      0     51   82.6
0500       0      0      0     55      4      0     59   84.9
0600       0      0      0     54      0      0     54   87.0
0700       0      0      0     44      0      7     51   88.9
0800       0      0      0      0     69      8     77   91.9
0900       0      0      0      0     20     63     83   95.1
1000       0      0      0      0     30     43     73   97.9
1100       0      0      0      0     39     15     54  100.0
------------------------------------------------------
Total      0    572    642    347    626    405   2592


**  1  ****** Q S O   R a t e   S u m m a r y **************

Hour     160     80     40     20     15     10  Total    Pct
-------------------------------------------------------------
1200       0      0      0    200      0      0    200    7.1
1300       0      0      0    212      0      0    212   14.6
1400       0      0      0    147      0      0    147   19.8
1500       0      0      0    137      0      0    137   24.7
1600       0      0      0    128      0      0    128   29.2
1700       0      3     52     39      0      0     94   32.6
1800       0      0      0      0    198      0    198   39.6
1900       0      0      0      0    130      5    135   44.4
2000       0      0     69     69      0      1    139   49.3
2100       0      0      0    149      0      0    149   54.6
2200       0      0      0     80      0      0     80   57.4
2300       0      0      0    104      0      0    104   61.1
0000       0      0      0     89      0      0     89   64.3
0100       0      0      0     93      0      0     93   67.6
0200       0      0     54     13      0      0     67   70.0
0300       0      0     54      9      1      0     64   72.2
0400       0      0    100      0      0      0    100   75.8
0500       0      0     83      0      0      0     83   78.7
0600       0      0     29      0     16      0     45   80.3
0700       0      0     82      0      6      0     88   83.4
0800       0      0     16    127      0      0    143   88.5
0900       0      0      0    116      0      0    116   92.6
1000       0      0      0     26     67      0     93   95.9
1100       0      0      0    106      9      0    115  100.0
------------------------------------------------------
Total      0      3    539   1844    427      6   2819


-------------- Q S O   R a t e   S u m m a r y ---------------------
Hour     160     80     40     20     15     10    Rate Total    Pct
--------------------------------------------------------------------
1200       0      0      0    233     46     82    361    361    6.7
1300       0      0     38    212    131      7    388    749   13.8
1400       0      0    115    147      0     24    286   1035   19.1
1500       0      0      0    137    110      9    256   1291   23.9
1600       0      0    106    128     31      0    265   1556   28.8
1700       0      3     52     39     53    123    270   1826   33.7
1800       0      0     17     53    198     16    284   2110   39.0
1900       0      0     85     65    130      5    285   2395   44.3
2000       0      0     69     88     88      7    252   2647   48.9
2100       0    160      0    149      0      0    309   2956   54.6
2200       0     99      0     80      5      2    186   3142   58.1
2300       0    109     36    104      0      0    249   3391   62.7
0000       0      0    158     89      0      0    247   3638   67.2
0100       0     33     87     93      0      0    213   3851   71.2
0200       0     85     54     13      0      0    152   4003   74.0
0300       0     58     54     10      1      0    123   4126   76.3
0400       0     28    100     23      0      0    151   4277   79.0
0500       0      0     83     55      4      0    142   4419   81.7
0600       0      0     29     54     16      0     99   4518   83.5
0700       0      0     82     44      6      7    139   4657   86.1
0800       0      0     16    127     69      8    220   4877   90.1
0900       0      0      0    116     20     63    199   5076   93.8
1000       0      0      0     26     97     43    166   5242   96.9
1100       0      0      0    106     48     15    169   5411  100.0
------------------------------------------------------
Total      0    575   1181   2191   1053    411   5411

Gross QSOs=5569        Dupes=158        Net QSOs=5411

Unique callsigns worked = 2667

The best 60 minute rate was 390/hour from 1301 to 1400
The best 30 minute rate was 412/hour from 1208 to 1237
The best 10 minute rate was 468/hour from 2124 to 2133

The best 1 minute rates were:
10 QSOs/minute    4 times.
 9 QSOs/minute   19 times.
 8 QSOs/minute   43 times.
 7 QSOs/minute   97 times.
 6 QSOs/minute  141 times.
 5 QSOs/minute  211 times.
 4 QSOs/minute  219 times.
 3 QSOs/minute  258 times.
 2 QSOs/minute  238 times.
 1 QSOs/minute  150 times.

Number of letters in callsigns
Letters  # worked
-----------------
   3        37
   4      2099
   5      2077
   6      1142
   7        21
   8        26
   9         6
  10         3

------------ M u l t i p l i e r   S u m m a r y ------------
Mult     160     80     40     20     15     10  Total    Pct
-------------------------------------------------------------
28         0    271    476    849    473    270   2339   43.2
08         0     21    205    380    191      1    798   14.7
29         0     59    135    340     99     48    681   12.6
27         0    129    188    156     60     50    583   10.8
18         0     30     43     72     21      4    170    3.1
07         0      0     15     72     46      0    133    2.5
30         0      8     19     58     24      3    112    2.1
04         0      3     13     28     15      0     59    1.1
37         0      4      9     31      9      3     56    1.0
06         0      0      0     26     29      0     55    1.0
39         0      2      7     17      9      2     37    0.7
09         0      1      8     14      5      0     28    0.5
11         0      1      7     14      5      1     28    0.5
15         0      0      5      6      3      1     15    0.3
31         0      0      1      9      5      0     15    0.3
32         0      0      0     10      3      0     13    0.2
R1         0      3      3      2      2      1     11    0.2
FRR        0      2      2      3      1      2     10    0.2
PZK        0      2      2      2      2      2     10    0.2
URE        0      2      2      2      2      2     10    0.2
ZRS        0      2      2      2      2      2     10    0.2
14         0      2      0      6      2      0     10    0.2
HRS        0      1      2      2      2      2      9    0.2
45         0      0      0      6      3      0      9    0.2
SRR        0      2      1      2      2      2      9    0.2
MRASZ      0      2      2      2      2      1      9    0.2
SRS        0      1      2      2      2      2      9    0.2
REF        0      2      2      2      2      1      9    0.2
OV         0      2      1      2      2      1      8    0.1
DARC       0      2      2      2      1      1      8    0.1
BFRA       0      1      2      2      1      1      7    0.1
SSA        0      2      2      1      1      1      7    0.1
SRAL       0      2      2      2      1      0      7    0.1
ARABH      0      1      1      2      1      2      7    0.1
USKA       0      2      2      2      0      1      7    0.1
02         0      0      0      5      2      0      7    0.1
RSGB       0      1      1      2      1      1      6    0.1
17         0      0      2      4      0      0      6    0.1
49         0      0      0      3      3      0      6    0.1
BFRR       0      1      0      2      2      1      6    0.1
12         0      1      1      4      0      0      6    0.1
ARI        0      1      2      2      1      0      6    0.1
EDR        0      1      2      1      1      0      5    0.1
10         0      0      0      3      1      0      4    0.1
36         0      1      0      2      1      0      4    0.1
60         0      0      1      3      0      0      4    0.1
UBA        0      2      0      1      0      1      4    0.1
19         0      0      1      2      0      0      3    0.1
KFRR       0      0      0      2      1      0      3    0.1
RSM        0      1      1      1      0      0      3    0.1
44         0      0      0      3      0      0      3    0.1
ARRL       0      0      0      2      1      0      3    0.1
20         0      0      0      2      0      0      2    0.0
ARAT       0      0      0      1      1      0      2    0.0
54         0      0      0      1      1      0      2    0.0
48         0      0      1      0      1      0      2    0.0
41         0      0      0      1      1      0      2    0.0
IRA        0      1      1      0      0      0      2    0.0
58         0      0      1      0      1      0      2    0.0
MARP       0      0      1      1      0      0      2    0.0
VERON      0      2      0      0      0      0      2    0.0
ERAU       0      1      0      1      0      0      2    0.0
42         0      0      0      1      1      0      2    0.0
FRA        0      0      1      1      0      0      2    0.0
43         0      0      0      1      0      0      1    0.0
RAST       0      0      0      1      0      0      1    0.0
03         0      0      0      0      1      0      1    0.0
61         0      0      0      1      0      0      1    0.0
75         0      0      0      1      0      0      1    0.0
13         0      0      0      0      1      0      1    0.0
RCCR       0      0      0      0      0      1      1    0.0
CRAC       0      0      0      1      0      0      1    0.0
RCP        0      0      0      1      0      0      1    0.0
ROARS      0      0      0      1      0      0      1    0.0
IARU       0      0      1      0      0      0      1    0.0
59         0      0      0      1      0      0      1    0.0
AC         0      0      1      0      0      0      1    0.0
GRC        0      0      0      1      0      0      1    0.0
BARC       0      0      0      1      0      0      1    0.0
NARL       0      0      0      0      1      0      1    0.0
ARUKR      0      0      0      0      1      0      1    0.0
AFVL       0      0      0      1      0      0      1    0.0
VRON       0      0      0      0      1      0      1    0.0
UARL       0      0      0      1      0      0      1    0.0
------------------------------------------------------
Total      0    575   1181   2191   1053    411   5411

Multi-band QSOs
---------------
1 bands    1470
2 bands     558
3 bands     352
4 bands     173
5 bands     114
6 bands       0

------- S i n g l e   B a n d   Q S O s ------
Band    160     80     40     20     15     10
----------------------------------------------
QSOs      0     97    264    849    205     55
