Cabrillo Statistics           (Version 10g)           by K5KA & N6TV
http://bit.ly/cabstat

CONTEST: IARU-HF
CALLSIGN: MB3L
CATEGORY-OPERATOR: MULTI-OP
CATEGORY-TRANSMITTER: TWO
OPERATORS: LZ2BE LZ2XA

**  0  ****** Q S O   R a t e   S u m m a r y **************

Hour     160     80     40     20     15     10  Total    Pct
-------------------------------------------------------------
1200       0      0      0      0     68     45    113    4.5
1300       0      0      6      0      4     64     74    7.5
1400       0      0     87      0      0     46    133   12.8
1500       0      0     46      0      6     44     96   16.6
1600       0      0    124      0      0      7    131   21.9
1700       0      0      0    113      0      1    114   26.5
1800       0      0     30     28      0     50    108   30.8
1900       0      1     48     75      0      0    124   35.7
2000       0     88      0     55      0      2    145   41.5
2100       0    161      0      0      0      0    161   48.0
2200       0     78     58      0      0      0    136   53.4
2300       0      0     74     11      0      0     85   56.8
0000       0      0      0    138      0      0    138   62.3
0100       0      0     89     20      0      0    109   66.7
0200       0      0     71      5      0      0     76   69.7
0300       0     25     23      0      0      0     48   71.7
0400       0     11     27      0      8      0     46   73.5
0500       0      0      0     31     19      1     51   75.6
0600       0      0     42      0     20      0     62   78.0
0700       0      0     57      0     18      8     83   81.4
0800       0      0      0     82     47     10    139   86.9
0900       0      0      0    126      0      0    126   92.0
1000       0      0      0     99      0      0     99   95.9
1100       0      0      0    102      0      0    102  100.0
------------------------------------------------------
Total      0    364    782    885    190    278   2499


**  1  ****** Q S O   R a t e   S u m m a r y **************

Hour     160     80     40     20     15     10  Total    Pct
-------------------------------------------------------------
1200       0      0      0    198      0      0    198    7.9
1300       0      0      0    198      0      0    198   15.8
1400       0      0      0    121      0      0    121   20.6
1500       0      0      0      5      5      0     10   21.0
1600       0      0      0      0    188      0    188   28.5
1700       0      0      0      0    144      0    144   34.3
1800       0      0      0     23     98      0    121   39.1
1900       0      0     71      0     67      0    138   44.6
2000       0      0    158      0      0      0    158   50.9
2100       0      0     85     42      0      0    127   56.0
2200       0     24      0     90      0      0    114   60.5
2300       0     60      3      0      3      0     66   63.1
0000       0      0    123      0      0      0    123   68.0
0100       0     98      0      0      0      0     98   72.0
0200       0     69      0     12      0      0     81   75.2
0300       0      0      0     46      0      0     46   77.0
0400       0      0      0     37      0      0     37   78.5
0500       0      0     35     19      0      0     54   80.7
0600       0      0     12     46      0      0     58   83.0
0700       0      0      0     41     27      1     69   85.7
0800       0      0      0     68     20     19    107   90.0
0900       0      0      0      0     61     47    108   94.3
1000       0      0      1      0     59     26     86   97.7
1100       0      0      0      0     56      1     57  100.0
------------------------------------------------------
Total      0    251    488    946    728     94   2507


-------------- Q S O   R a t e   S u m m a r y ---------------------
Hour     160     80     40     20     15     10    Rate Total    Pct
--------------------------------------------------------------------
1200       0      0      0    198     68     45    311    311    6.2
1300       0      0      6    198      4     64    272    583   11.6
1400       0      0     87    121      0     46    254    837   16.7
1500       0      0     46      5     11     44    106    943   18.8
1600       0      0    124      0    188      7    319   1262   25.2
1700       0      0      0    113    144      1    258   1520   30.4
1800       0      0     30     51     98     50    229   1749   34.9
1900       0      1    119     75     67      0    262   2011   40.2
2000       0     88    158     55      0      2    303   2314   46.2
2100       0    161     85     42      0      0    288   2602   52.0
2200       0    102     58     90      0      0    250   2852   57.0
2300       0     60     77     11      3      0    151   3003   60.0
0000       0      0    123    138      0      0    261   3264   65.2
0100       0     98     89     20      0      0    207   3471   69.3
0200       0     69     71     17      0      0    157   3628   72.5
0300       0     25     23     46      0      0     94   3722   74.4
0400       0     11     27     37      8      0     83   3805   76.0
0500       0      0     35     50     19      1    105   3910   78.1
0600       0      0     54     46     20      0    120   4030   80.5
0700       0      0     57     41     45      9    152   4182   83.5
0800       0      0      0    150     67     29    246   4428   88.5
0900       0      0      0    126     61     47    234   4662   93.1
1000       0      0      1     99     59     26    185   4847   96.8
1100       0      0      0    102     56      1    159   5006  100.0
------------------------------------------------------
Total      0    615   1270   1831    918    372   5006

Gross QSOs=5135        Dupes=129        Net QSOs=5006

Unique callsigns worked = 2487

The best 60 minute rate was 343/hour from 2039 to 2138
The best 30 minute rate was 378/hour from 1601 to 1630
The best 10 minute rate was 444/hour from 1611 to 1620

The best 1 minute rates were:
10 QSOs/minute    2 times.
 9 QSOs/minute   10 times.
 8 QSOs/minute   41 times.
 7 QSOs/minute   77 times.
 6 QSOs/minute  137 times.
 5 QSOs/minute  180 times.
 4 QSOs/minute  233 times.
 3 QSOs/minute  247 times.
 2 QSOs/minute  214 times.
 1 QSOs/minute  206 times.

Number of letters in callsigns
Letters  # worked
-----------------
   3        38
   4      1920
   5      1955
   6      1045
   7        26
   8        14
   9         6
  10         2

------------ M u l t i p l i e r   S u m m a r y ------------
Mult     160     80     40     20     15     10  Total    Pct
-------------------------------------------------------------
28         0    270    565    788    394    240   2257   45.1
08         0     37    171    307    157      0    672   13.4
29         0     69    152    257     94     36    608   12.1
27         0    144    195    121     74     46    580   11.6
18         0     26     50     58     16      5    155    3.1
30         0     11     31     46     25      3    116    2.3
07         0      0      8     51     33      0     92    1.8
37         0      5     11     19     10      6     51    1.0
04         0      4      8     28     10      0     50    1.0
06         0      0      0     28     20      0     48    1.0
39         0      3      7     18     10      4     42    0.8
11         0      0      5     11      4      1     21    0.4
09         0      1      4      7      6      0     18    0.4
31         0      0      1      9      6      0     16    0.3
32         0      0      2      7      5      0     14    0.3
HRS        0      2      2      2      2      2     10    0.2
PZK        0      2      2      2      2      2     10    0.2
ZRS        0      2      2      2      2      2     10    0.2
FRR        0      2      2      2      2      1      9    0.2
BFRA       0      1      2      2      2      2      9    0.2
URE        0      2      2      2      1      2      9    0.2
SRS        0      2      2      1      2      2      9    0.2
MRASZ      0      2      2      2      2      1      9    0.2
15         0      0      3      2      1      2      8    0.2
R1         0      1      4      2      1      0      8    0.2
RSGB       0      2      2      1      2      1      8    0.2
UBA        0      2      2      1      1      1      7    0.1
SSA        0      1      2      2      1      1      7    0.1
DARC       0      2      2      1      1      1      7    0.1
SRR        0      1      2      2      2      0      7    0.1
REF        0      2      2      1      1      0      6    0.1
EDR        0      1      2      2      0      1      6    0.1
17         0      0      1      3      2      0      6    0.1
OV         0      2      1      2      1      0      6    0.1
USKA       0      2      1      2      0      1      6    0.1
IRA        0      1      2      2      1      0      6    0.1
BFRR       0      1      1      2      0      1      5    0.1
45         0      0      0      2      3      0      5    0.1
VERON      0      2      2      0      0      1      5    0.1
ARABH      0      2      1      1      0      1      5    0.1
SRAL       0      2      1      1      1      0      5    0.1
36         0      1      1      2      1      0      5    0.1
02         0      0      0      3      1      0      4    0.1
12         0      0      0      4      0      0      4    0.1
19         0      0      1      2      0      0      3    0.1
RSM        0      1      1      0      0      1      3    0.1
44         0      0      1      1      1      0      3    0.1
42         0      0      0      2      1      0      3    0.1
ERAU       0      1      1      1      0      0      3    0.1
49         0      0      0      1      2      0      3    0.1
NARL       0      0      0      0      1      1      2    0.0
52         0      0      0      0      0      2      2    0.0
ARAT       0      0      0      0      1      1      2    0.0
IRTS       0      1      1      0      0      0      2    0.0
MARP       0      0      1      1      0      0      2    0.0
48         0      0      0      1      1      0      2    0.0
57         0      0      0      0      2      0      2    0.0
KFRR       0      0      0      1      1      0      2    0.0
03         0      0      0      1      1      0      2    0.0
75         0      0      0      2      0      0      2    0.0
AC         0      1      1      0      0      0      2    0.0
ARRL       0      0      1      1      0      0      2    0.0
14         0      0      0      2      0      0      2    0.0
ARI        0      1      1      0      0      0      2    0.0
60         0      0      1      1      0      0      2    0.0
BARC       0      0      0      0      1      0      1    0.0
AFVL       0      0      0      1      0      0      1    0.0
10         0      0      0      0      1      0      1    0.0
61         0      0      0      0      1      0      1    0.0
54         0      0      1      0      0      0      1    0.0
RCP        0      0      0      1      0      0      1    0.0
IARU       0      0      1      0      0      0      1    0.0
23         0      0      0      1      0      0      1    0.0
20         0      0      0      1      0      0      1    0.0
ARM        0      0      0      0      0      1      1    0.0
59         0      0      0      1      0      0      1    0.0
TRAC       0      0      0      1      0      0      1    0.0
41         0      0      0      0      1      0      1    0.0
58         0      0      0      0      1      0      1    0.0
PARA       0      0      0      0      1      0      1    0.0
ROARS      0      0      0      0      1      0      1    0.0
53         0      0      0      0      1      0      1    0.0
------------------------------------------------------
Total      0    615   1270   1831    918    372   5006

Multi-band QSOs
---------------
1 bands    1369
2 bands     524
3 bands     299
4 bands     184
5 bands     111
6 bands       0

------- S i n g l e   B a n d   Q S O s ------
Band    160     80     40     20     15     10
----------------------------------------------
QSOs      0     80    325    701    205     58
