Cabrillo Statistics           (Version 10g)           by K5KA & N6TV
http://bit.ly/cabstat

CONTEST: IARU-HF
CALLSIGN: MB3M
CATEGORY-OPERATOR: MULTI-OP
CATEGORY-TRANSMITTER: TWO
OPERATORS: JA1BJI M0CFW

**  0  ****** Q S O   R a t e   S u m m a r y **************

Hour     160     80     40     20     15     10  Total    Pct
-------------------------------------------------------------
1200       0      0      0      0     80     67    147    6.1
1300       0      0      0      0     91     11    102   10.3
1400       0      0      0      0     74     36    110   14.9
1500       0      0      0      0     38     80    118   19.8
1600       0      0      0      0     63     12     75   22.9
1700       0      0      0      0     56     78    134   28.4
1800       0      0      0      0     26     99    125   33.6
1900       0      0      0      0    134      5    139   39.4
2000       0      0     93      0     31      0    124   44.5
2100       0     49    116      0      0      0    165   51.3
2200       0    150      0      0      0      0    150   57.6
2300       0     30     74      0      0      0    104   61.9
0000       0     72     49      0      0      0    121   66.9
0100       0      0     68      0      0      0     68   69.7
0200       0     75      0      0      0      0     75   72.8
0300       0     52      0      6      0      0     58   75.2
0400       0     31     19      0      0      0     50   77.3
0500       0      0     57      0      2      0     59   79.7
0600       0      0     47      0      8      0     55   82.0
0700       0      0      1      0     47      6     54   84.3
0800       0      0     15     81      0      0     96   88.2
0900       0      0      0     38     71      0    109   92.7
1000       0      0      6      0     75      4     85   96.3
1100       0      0      0     90      0      0     90  100.0
------------------------------------------------------
Total      0    459    545    215    796    398   2413


**  1  ****** Q S O   R a t e   S u m m a r y **************

Hour     160     80     40     20     15     10  Total    Pct
-------------------------------------------------------------
1200       0      0      0    160      0      0    160    6.0
1300       0      0      0    102      0      0    102    9.9
1400       0      0     63     67      0      0    130   14.8
1500       0      0      0    160      0      0    160   20.8
1600       0      0    111     29      0      0    140   26.1
1700       0      0      0    135      0      0    135   31.2
1800       0      0     25    110      0      0    135   36.3
1900       0     21     35     68      0      0    124   41.0
2000       0      0      0    102      0      0    102   44.8
2100       0      0     28     85      0      0    113   49.1
2200       0      0     87     65      0      0    152   54.8
2300       0      0      0    117      0      0    117   59.2
0000       0      0      0    113      0      0    113   63.5
0100       0     59      0     34      0      0     93   67.0
0200       0      0     56     52      0      0    108   71.1
0300       0      0    117      1      0      0    118   75.5
0400       0      0     21     22      0      0     43   77.1
0500       0      0      0     61      0      0     61   79.4
0600       0      0      0     97      0      0     97   83.1
0700       0      0      0    125      0      0    125   87.8
0800       0      0      0     13     55     18     86   91.1
0900       0      0      0     15      0     65     80   94.1
1000       0      0      0     36     19     27     82   97.2
1100       0      0      0      0     72      3     75  100.0
------------------------------------------------------
Total      0     80    543   1769    146    113   2651


-------------- Q S O   R a t e   S u m m a r y ---------------------
Hour     160     80     40     20     15     10    Rate Total    Pct
--------------------------------------------------------------------
1200       0      0      0    160     80     67    307    307    6.1
1300       0      0      0    102     91     11    204    511   10.1
1400       0      0     63     67     74     36    240    751   14.8
1500       0      0      0    160     38     80    278   1029   20.3
1600       0      0    111     29     63     12    215   1244   24.6
1700       0      0      0    135     56     78    269   1513   29.9
1800       0      0     25    110     26     99    260   1773   35.0
1900       0     21     35     68    134      5    263   2036   40.2
2000       0      0     93    102     31      0    226   2262   44.7
2100       0     49    144     85      0      0    278   2540   50.2
2200       0    150     87     65      0      0    302   2842   56.1
2300       0     30     74    117      0      0    221   3063   60.5
0000       0     72     49    113      0      0    234   3297   65.1
0100       0     59     68     34      0      0    161   3458   68.3
0200       0     75     56     52      0      0    183   3641   71.9
0300       0     52    117      7      0      0    176   3817   75.4
0400       0     31     40     22      0      0     93   3910   77.2
0500       0      0     57     61      2      0    120   4030   79.6
0600       0      0     47     97      8      0    152   4182   82.6
0700       0      0      1    125     47      6    179   4361   86.1
0800       0      0     15     94     55     18    182   4543   89.7
0900       0      0      0     53     71     65    189   4732   93.4
1000       0      0      6     36     94     31    167   4899   96.7
1100       0      0      0     90     72      3    165   5064  100.0
------------------------------------------------------
Total      0    539   1088   1984    942    511   5064

Gross QSOs=5151        Dupes=87        Net QSOs=5064

Unique callsigns worked = 2499

The best 60 minute rate was 318/hour from 2120 to 2219
The best 30 minute rate was 362/hour from 2150 to 2219
The best 10 minute rate was 414/hour from 1512 to 1521

The best 1 minute rates were:
10 QSOs/minute    1 times.
 9 QSOs/minute   11 times.
 8 QSOs/minute   25 times.
 7 QSOs/minute   72 times.
 6 QSOs/minute  134 times.
 5 QSOs/minute  183 times.
 4 QSOs/minute  249 times.
 3 QSOs/minute  293 times.
 2 QSOs/minute  246 times.
 1 QSOs/minute  165 times.

Number of letters in callsigns
Letters  # worked
-----------------
   3        37
   4      1986
   5      1898
   6      1084
   7        24
   8        21
   9        10
  10         4

------------ M u l t i p l i e r   S u m m a r y ------------
Mult     160     80     40     20     15     10  Total    Pct
-------------------------------------------------------------
28         0    224    418    737    417    356   2152   42.5
08         0     30    174    394    153      1    752   14.8
27         0    146    195    129     70     76    616   12.2
29         0     51    122    300    100     42    615   12.1
18         0     24     45     69     26      2    166    3.3
07         0      0     15     72     33      0    120    2.4
30         0      6     25     49     27      2    109    2.2
04         0      3     10     34     10      0     57    1.1
06         0      0      0     41     14      0     55    1.1
37         0      5     15     15     11      4     50    1.0
09         0      3      4     20      4      0     31    0.6
39         0      1      6     12      8      2     29    0.6
11         0      0      5      9      5      0     19    0.4
31         0      0      1      8      9      0     18    0.4
32         0      0      1      7      5      0     13    0.3
ZRS        0      2      2      2      2      2     10    0.2
HRS        0      2      2      2      2      2     10    0.2
URE        0      2      2      2      2      2     10    0.2
PZK        0      2      2      2      2      2     10    0.2
SRS        0      2      2      2      2      2     10    0.2
R1         0      3      1      2      2      1      9    0.2
OV         0      1      2      2      2      2      9    0.2
MRASZ      0      2      2      2      2      1      9    0.2
FRR        0      2      1      2      1      2      8    0.2
SRR        0      2      2      2      2      0      8    0.2
SSA        0      2      2      2      1      1      8    0.2
BFRA       0      1      1      2      2      1      7    0.1
DARC       0      2      2      0      2      1      7    0.1
ARABH      0      2      1      1      1      2      7    0.1
15         0      0      3      3      1      0      7    0.1
12         0      0      3      3      1      0      7    0.1
45         0      0      0      5      1      0      6    0.1
SRAL       0      2      1      2      1      0      6    0.1
RSGB       0      2      2      0      1      1      6    0.1
REF        0      2      2      1      0      1      6    0.1
USKA       0      2      1      1      1      1      6    0.1
BFRR       0      1      1      2      1      1      6    0.1
36         0      1      1      1      1      1      5    0.1
49         0      0      0      2      3      0      5    0.1
02         0      0      0      4      1      0      5    0.1
54         0      0      1      3      0      0      4    0.1
44         0      0      0      3      1      0      4    0.1
41         0      0      0      1      3      0      4    0.1
EDR        0      1      1      2      0      0      4    0.1
IRA        0      1      1      1      1      0      4    0.1
ERAU       0      0      1      1      1      0      3    0.1
IRTS       0      1      1      1      0      0      3    0.1
19         0      0      1      2      0      0      3    0.1
IARU       0      0      1      1      1      0      3    0.1
ARI        0      1      1      1      0      0      3    0.1
VERON      0      2      1      0      0      0      3    0.1
60         0      0      1      2      0      0      3    0.1
UBA        0      2      1      0      0      0      3    0.1
42         0      0      0      2      1      0      3    0.1
RSM        0      0      1      1      1      0      3    0.1
ARAT       0      0      0      1      1      0      2    0.0
17         0      0      0      2      0      0      2    0.0
75         0      0      0      2      0      0      2    0.0
ARRL       0      0      0      1      1      0      2    0.0
AFVL       0      0      1      1      0      0      2    0.0
03         0      0      0      2      0      0      2    0.0
AC         0      1      1      0      0      0      2    0.0
KFRR       0      0      0      1      1      0      2    0.0
BARC       0      0      0      0      1      0      1    0.0
48         0      0      0      1      0      0      1    0.0
58         0      0      0      1      0      0      1    0.0
SARS       0      0      0      1      0      0      1    0.0
CRAC       0      0      0      1      0      0      1    0.0
61         0      0      0      1      0      0      1    0.0
20         0      0      0      1      0      0      1    0.0
WIA        0      0      0      1      0      0      1    0.0
ARM        0      0      0      1      0      0      1    0.0
------------------------------------------------------
Total      0    539   1088   1984    942    511   5064

Multi-band QSOs
---------------
1 bands    1378
2 bands     535
3 bands     323
4 bands     158
5 bands     105
6 bands       0

------- S i n g l e   B a n d   Q S O s ------
Band    160     80     40     20     15     10
----------------------------------------------
QSOs      0     83    250    790    169     86
