Cabrillo Statistics           (Version 10g)           by K5KA & N6TV
http://bit.ly/cabstat

CONTEST: IARU-HF
CALLSIGN: MB3R
CATEGORY-OPERATOR: MULTI-OP
CATEGORY-TRANSMITTER: TWO
OPERATORS: F1AKK F8DBF

**  1  ****** Q S O   R a t e   S u m m a r y **************

Hour     160     80     40     20     15     10  Total    Pct
-------------------------------------------------------------
1200       0      0      0      0    200      0    200    8.0
1300       0      0      0      0    100      0    100   12.0
1400       0      0      0      0     65     35    100   16.0
1500       0      3      0      0      6    106    115   20.6
1600       0      0      0     27     55     24    106   24.8
1700       0      0      0      0     85     42    127   29.9
1800       0      0      0      0    157      0    157   36.2
1900       0      0      0      0    122      9    131   41.4
2000       0      0      0     50     41     15    106   45.7
2100       0      0    132     12      0      0    144   51.4
2200       0    104      3      0      3      1    111   55.9
2300       0      0    110      0     14      0    124   60.8
0000       0      0    155      0      0      0    155   67.0
0100       0      0     99      0      0      0     99   71.0
0200       0      4     17     23      0      0     44   72.7
0300       0     45      0      9      1      0     55   74.9
0400       0     15      0     17      0      0     32   76.2
0500       0      0     62      1      3      0     66   78.8
0600       0      0     35     30      1      0     66   81.5
0700       0      0      0    146      0      0    146   87.3
0800       0      0      0     60     12      1     73   90.2
0900       0      0      0      0     86      0     86   93.7
1000       0      0      0      0     71      7     78   96.8
1100       0      0      0     33     33     14     80  100.0
------------------------------------------------------
Total      0    171    613    408   1055    254   2501


**  0  ****** Q S O   R a t e   S u m m a r y **************

Hour     160     80     40     20     15     10  Total    Pct
-------------------------------------------------------------
1200       0      0     17     30      0     70    117    4.3
1300       0      0      0    105      0      8    113    8.5
1400       0      0      0    197      0      0    197   15.8
1500       0      0     83     86      8      0    177   22.3
1600       0      0    116     17      0      0    133   27.2
1700       0      0      0    150      0      0    150   32.7
1800       0     13     50     60      0      1    124   37.3
1900       0      0     50    107      0      2    159   43.2
2000       0     85      0     61      0      0    146   48.5
2100       0      8      0     49     61      0    118   52.9
2200       0      0     16     89      0      0    105   56.8
2300       0     20      0     84      0      0    104   60.6
0000       0     63      0     44      0      0    107   64.6
0100       0     84      0      6      0      0     90   67.9
0200       0     48     29      0      0      0     77   70.7
0300       0      0    101      0      0      0    101   74.4
0400       0      0     92      0      0      0     92   77.8
0500       0      0      8     60      9      1     78   80.7
0600       0      0      0     72     23      1     96   84.2
0700       0      0      0      0     44     11     55   86.3
0800       0      0      0     15     39     18     72   88.9
0900       0      0      4     23      0     78    105   92.8
1000       0      0      0    122      0      6    128   97.5
1100       0      0      0     48      7     12     67  100.0
------------------------------------------------------
Total      0    321    566   1425    191    208   2711


-------------- Q S O   R a t e   S u m m a r y ---------------------
Hour     160     80     40     20     15     10    Rate Total    Pct
--------------------------------------------------------------------
1200       0      0     17     30    200     70    317    317    6.1
1300       0      0      0    105    100      8    213    530   10.2
1400       0      0      0    197     65     35    297    827   15.9
1500       0      3     83     86     14    106    292   1119   21.5
1600       0      0    116     44     55     24    239   1358   26.1
1700       0      0      0    150     85     42    277   1635   31.4
1800       0     13     50     60    157      1    281   1916   36.8
1900       0      0     50    107    122     11    290   2206   42.3
2000       0     85      0    111     41     15    252   2458   47.2
2100       0      8    132     61     61      0    262   2720   52.2
2200       0    104     19     89      3      1    216   2936   56.3
2300       0     20    110     84     14      0    228   3164   60.7
0000       0     63    155     44      0      0    262   3426   65.7
0100       0     84     99      6      0      0    189   3615   69.4
0200       0     52     46     23      0      0    121   3736   71.7
0300       0     45    101      9      1      0    156   3892   74.7
0400       0     15     92     17      0      0    124   4016   77.1
0500       0      0     70     61     12      1    144   4160   79.8
0600       0      0     35    102     24      1    162   4322   82.9
0700       0      0      0    146     44     11    201   4523   86.8
0800       0      0      0     75     51     19    145   4668   89.6
0900       0      0      4     23     86     78    191   4859   93.2
1000       0      0      0    122     71     13    206   5065   97.2
1100       0      0      0     81     40     26    147   5212  100.0
------------------------------------------------------
Total      0    492   1179   1833   1246    462   5212

Gross QSOs=5303        Dupes=91        Net QSOs=5212

Unique callsigns worked = 2504

The best 60 minute rate was 331/hour from 1842 to 1941
The best 30 minute rate was 346/hour from 1456 to 1525
The best 10 minute rate was 432/hour from 1511 to 1520

The best 1 minute rates were:
12 QSOs/minute    1 times.
11 QSOs/minute    1 times.
10 QSOs/minute    2 times.
 9 QSOs/minute    7 times.
 8 QSOs/minute   22 times.
 7 QSOs/minute   81 times.
 6 QSOs/minute  140 times.
 5 QSOs/minute  216 times.
 4 QSOs/minute  260 times.
 3 QSOs/minute  267 times.
 2 QSOs/minute  227 times.
 1 QSOs/minute  148 times.

Number of letters in callsigns
Letters  # worked
-----------------
   3        40
   4      2082
   5      1940
   6      1101
   7        21
   8        19
   9         5
  10         4

------------ M u l t i p l i e r   S u m m a r y ------------
Mult     160     80     40     20     15     10  Total    Pct
-------------------------------------------------------------
28         0    197    449    708    499    309   2162   41.5
08         0     35    224    344    248      1    852   16.3
29         0     65    154    283    102     30    634   12.2
27         0    109    152    100     97     66    524   10.1
18         0     25     45     61     22      3    156    3.0
07         0      0     18     56     65      0    139    2.7
30         0      5     28     49     29      4    115    2.2
04         0      3     14     29     19      0     65    1.2
37         0      6     12     23     16      6     63    1.2
06         0      0      2     22     35      0     59    1.1
39         0      5      4     15     11      3     38    0.7
11         0      0      6     17     13      0     36    0.7
09         0      1      8     12     12      0     33    0.6
31         0      0      1      9      5      0     15    0.3
32         0      0      0      8      5      0     13    0.2
15         0      0      6      3      1      2     12    0.2
SRS        0      2      2      2      2      2     10    0.2
PZK        0      2      2      2      2      2     10    0.2
HRS        0      2      2      2      2      2     10    0.2
ZRS        0      2      2      2      2      2     10    0.2
FRR        0      2      2      2      2      2     10    0.2
URE        0      2      2      2      2      1      9    0.2
OV         0      1      2      2      2      2      9    0.2
14         0      0      1      3      3      2      9    0.2
MRASZ      0      1      2      2      2      2      9    0.2
BFRA       0      1      2      2      2      1      8    0.2
RSGB       0      2      2      1      2      1      8    0.2
BFRR       0      2      2      2      1      1      8    0.2
R1         0      1      2      2      2      1      8    0.2
SSA        0      1      2      2      1      2      8    0.2
REF        0      2      2      1      1      1      7    0.1
SRAL       0      2      2      1      2      0      7    0.1
SRR        0      1      2      2      1      1      7    0.1
ARABH      0      1      1      2      1      2      7    0.1
02         0      0      0      6      1      0      7    0.1
UBA        0      2      1      1      1      2      7    0.1
USKA       0      1      0      2      1      2      6    0.1
DARC       0      2      2      0      1      1      6    0.1
IRA        0      1      2      2      1      0      6    0.1
ARI        0      1      2      1      2      0      6    0.1
12         0      0      2      3      1      0      6    0.1
17         0      1      1      3      0      0      5    0.1
36         0      2      1      1      1      0      5    0.1
19         0      0      1      4      0      0      5    0.1
ARRL       0      0      0      2      2      0      4    0.1
54         0      0      1      1      2      0      4    0.1
EDR        0      1      2      1      0      0      4    0.1
45         0      0      0      1      3      0      4    0.1
60         0      0      2      2      0      0      4    0.1
KFRR       0      0      0      2      1      0      3    0.1
44         0      0      0      2      1      0      3    0.1
49         0      0      0      2      1      0      3    0.1
IARU       0      0      1      1      1      0      3    0.1
VERON      0      1      1      0      0      1      3    0.1
03         0      0      0      3      0      0      3    0.1
RSM        0      0      1      0      1      1      3    0.1
42         0      0      0      2      1      0      3    0.1
ERAU       0      1      0      1      1      0      3    0.1
BARC       0      0      0      1      1      0      2    0.0
48         0      0      0      1      1      0      2    0.0
ROARS      0      0      0      1      1      0      2    0.0
MARP       0      1      0      1      0      0      2    0.0
RCA        0      0      0      0      1      1      2    0.0
61         0      0      0      2      0      0      2    0.0
41         0      0      0      1      1      0      2    0.0
10         0      0      0      1      1      0      2    0.0
IRTS       0      0      1      0      0      1      2    0.0
20         0      0      0      2      0      0      2    0.0
ARM        0      0      0      1      0      1      2    0.0
69         0      0      0      0      1      0      1    0.0
ARAT       0      0      0      1      0      0      1    0.0
34         0      0      0      1      0      0      1    0.0
51         0      0      0      1      0      0      1    0.0
58         0      0      0      1      0      0      1    0.0
75         0      0      0      1      0      0      1    0.0
RAST       0      0      0      1      0      0      1    0.0
13         0      0      0      0      0      1      1    0.0
16         0      0      0      0      1      0      1    0.0
AC         0      0      1      0      0      0      1    0.0
ARUKR      0      0      0      0      1      0      1    0.0
SARS       0      0      0      0      1      0      1    0.0
53         0      0      0      0      1      0      1    0.0
NARL       0      0      0      0      1      0      1    0.0
------------------------------------------------------
Total      0    492   1179   1833   1246    462   5212

Multi-band QSOs
---------------
1 bands    1297
2 bands     586
3 bands     318
4 bands     193
5 bands     110
6 bands       0

------- S i n g l e   B a n d   Q S O s ------
Band    160     80     40     20     15     10
----------------------------------------------
QSOs      0     54    262    627    279     75
