Cabrillo Statistics           (Version 10g)           by K5KA & N6TV
http://bit.ly/cabstat

CONTEST: IARU-HF
CALLSIGN: MB3V
CATEGORY-OPERATOR: MULTI-OP
CATEGORY-TRANSMITTER: TWO
OPERATORS: 4Z4AK HA3LN

**  0  ****** Q S O   R a t e   S u m m a r y **************

Hour     160     80     40     20     15     10  Total    Pct
-------------------------------------------------------------
1200       0      0      0    179      0      6    185    7.1
1300       0      0      0    130      0     29    159   13.2
1400       0      0      0    153      0     14    167   19.6
1500       0      0      0    115      0     13    128   24.5
1600       0      0      0    132      0     16    148   30.2
1700       0      0      0     85      0     21    106   34.3
1800       0      0      0    124      0      0    124   39.0
1900       0     43      0     79      0     28    150   44.8
2000       0     52      0     64      0      0    116   49.2
2100       0     50      0     74      0      3    127   54.1
2200       0     84      0     21      0      0    105   58.1
2300       0     25      0     51      5      0     81   61.2
0000       0    165      0      0      0      0    165   67.5
0100       0      6    128      0      0      0    134   72.7
0200       0     56     28      0      0      0     84   75.9
0300       0     34     14     14      1      0     63   78.3
0400       0     22     10     14      5      0     51   80.3
0500       0      0     35     13      3      1     52   82.3
0600       0      0      0     57      3      0     60   84.6
0700       0      0      0      8     37      9     54   86.7
0800       0      0      0     33     46      3     82   89.8
0900       0      0      0     30      0     31     61   92.1
1000       0      0      0     46      0     40     86   95.4
1100       0      0      0     98      0     21    119  100.0
------------------------------------------------------
Total      0    537    215   1520    100    235   2607


**  1  ****** Q S O   R a t e   S u m m a r y **************

Hour     160     80     40     20     15     10  Total    Pct
-------------------------------------------------------------
1200       0      0      0      0    173      0    173    6.9
1300       0      0     32      0    113      0    145   12.7
1400       0      0     49      0     78      0    127   17.8
1500       0      0     59      0     40      0     99   21.7
1600       0      0      6      0     33     69    108   26.0
1700       0      0      0      0    130     25    155   32.2
1800       0      0     33      0     97     18    148   38.1
1900       0      0    187      0      0      0    187   45.6
2000       0      0    107      0     42      5    154   51.7
2100       0      0    104      0     38      0    142   57.4
2200       0      0     95      0     13      0    108   61.7
2300       0      0    107      0      2      0    109   66.1
0000       0      0     35     62      0      0     97   69.9
0100       0      0      0    114      0      0    114   74.5
0200       0      0     23     46      0      0     69   77.2
0300       0      0     36     21      3      0     60   79.6
0400       0      0     66      9      0      0     75   82.6
0500       0      0      0     21     15      0     36   84.1
0600       0      0     51      0      4      1     56   86.3
0700       0      0      6     56      8      3     73   89.2
0800       0      0      2     46     12     21     81   92.5
0900       0      0      0      0     77      0     77   95.5
1000       0      0      2      0     47      3     52   97.6
1100       0      0      0      0     60      0     60  100.0
------------------------------------------------------
Total      0      0   1000    375    985    145   2505


-------------- Q S O   R a t e   S u m m a r y ---------------------
Hour     160     80     40     20     15     10    Rate Total    Pct
--------------------------------------------------------------------
1200       0      0      0    179    173      6    358    358    7.0
1300       0      0     32    130    113     29    304    662   12.9
1400       0      0     49    153     78     14    294    956   18.7
1500       0      0     59    115     40     13    227   1183   23.1
1600       0      0      6    132     33     85    256   1439   28.1
1700       0      0      0     85    130     46    261   1700   33.3
1800       0      0     33    124     97     18    272   1972   38.6
1900       0     43    187     79      0     28    337   2309   45.2
2000       0     52    107     64     42      5    270   2579   50.4
2100       0     50    104     74     38      3    269   2848   55.7
2200       0     84     95     21     13      0    213   3061   59.9
2300       0     25    107     51      7      0    190   3251   63.6
0000       0    165     35     62      0      0    262   3513   68.7
0100       0      6    128    114      0      0    248   3761   73.6
0200       0     56     51     46      0      0    153   3914   76.6
0300       0     34     50     35      4      0    123   4037   79.0
0400       0     22     76     23      5      0    126   4163   81.4
0500       0      0     35     34     18      1     88   4251   83.2
0600       0      0     51     57      7      1    116   4367   85.4
0700       0      0      6     64     45     12    127   4494   87.9
0800       0      0      2     79     58     24    163   4657   91.1
0900       0      0      0     30     77     31    138   4795   93.8
1000       0      0      2     46     47     43    138   4933   96.5
1100       0      0      0     98     60     21    179   5112  100.0
------------------------------------------------------
Total      0    537   1215   1895   1085    380   5112

Gross QSOs=5211        Dupes=99        Net QSOs=5112

Unique callsigns worked = 2482

The best 60 minute rate was 359/hour from 1201 to 1300
The best 30 minute rate was 402/hour from 1210 to 1239
The best 10 minute rate was 444/hour from 1631 to 1640

The best 1 minute rates were:
11 QSOs/minute    1 times.
10 QSOs/minute    1 times.
 9 QSOs/minute   19 times.
 8 QSOs/minute   41 times.
 7 QSOs/minute   74 times.
 6 QSOs/minute  133 times.
 5 QSOs/minute  197 times.
 4 QSOs/minute  215 times.
 3 QSOs/minute  262 times.
 2 QSOs/minute  225 times.
 1 QSOs/minute  195 times.

Number of letters in callsigns
Letters  # worked
-----------------
   3        39
   4      2058
   5      1963
   6      1010
   7        18
   8        19
   9         4
  10         1

------------ M u l t i p l i e r   S u m m a r y ------------
Mult     160     80     40     20     15     10  Total    Pct
-------------------------------------------------------------
28         0    228    462    713    485    217   2105   41.2
08         0     20    174    362    166      0    722   14.1
27         0    146    222    133     97     81    679   13.3
29         0     62    154    287    107     18    628   12.3
18         0     26     45     50     18      3    142    2.8
07         0      0     13     78     33      0    124    2.4
30         0      3     32     43     26      0    104    2.0
37         0      5     11     23     10     11     60    1.2
04         0      1     12     31     13      0     57    1.1
06         0      0      0     30     20      0     50    1.0
09         0      1      7     20      6      0     34    0.7
39         0      2      4     12     11      4     33    0.6
11         0      1      8     11      9      3     32    0.6
15         0      0      5      5      6      2     18    0.4
31         0      0      2      7      5      0     14    0.3
R1         0      3      4      3      2      1     13    0.3
32         0      0      1      7      3      0     11    0.2
HRS        0      2      2      2      2      2     10    0.2
PZK        0      2      2      2      2      2     10    0.2
URE        0      2      2      2      2      2     10    0.2
ZRS        0      2      1      2      2      2      9    0.2
FRR        0      2      2      2      1      2      9    0.2
BFRA       0      1      2      2      2      2      9    0.2
SRS        0      1      2      2      2      2      9    0.2
ARI        0      2      3      1      2      1      9    0.2
OV         0      1      2      2      2      2      9    0.2
REF        0      2      2      2      2      1      9    0.2
SRR        0      2      2      2      2      1      9    0.2
USKA       0      2      1      2      2      2      9    0.2
14         0      0      1      3      3      2      9    0.2
SSA        0      1      2      2      1      2      8    0.2
DARC       0      2      2      1      2      1      8    0.2
UBA        0      2      1      1      2      2      8    0.2
MRASZ      0      1      2      1      2      1      7    0.1
RSGB       0      1      2      1      2      1      7    0.1
BFRR       0      1      2      2      1      1      7    0.1
SRAL       0      2      2      1      2      0      7    0.1
12         0      0      2      2      1      2      7    0.1
VERON      0      2      2      0      1      1      6    0.1
ARABH      0      1      1      1      1      2      6    0.1
EDR        0      1      1      2      1      0      5    0.1
IRA        0      1      2      1      1      0      5    0.1
36         0      1      0      2      1      1      5    0.1
02         0      0      0      3      2      0      5    0.1
ERAU       0      0      1      1      1      1      4    0.1
54         0      0      1      1      2      0      4    0.1
17         0      0      1      2      1      0      4    0.1
RSM        0      1      1      1      0      1      4    0.1
60         0      0      1      3      0      0      4    0.1
IRTS       0      1      1      1      0      0      3    0.1
49         0      0      0      2      1      0      3    0.1
10         0      0      1      1      1      0      3    0.1
ARRL       0      0      1      1      1      0      3    0.1
19         0      0      1      2      0      0      3    0.1
41         0      0      0      1      2      0      3    0.1
42         0      0      0      1      1      0      2    0.0
AFVL       0      0      0      1      1      0      2    0.0
48         0      0      1      0      1      0      2    0.0
KFRR       0      0      0      1      1      0      2    0.0
ROARS      0      0      0      1      1      0      2    0.0
58         0      0      1      0      1      0      2    0.0
44         0      0      1      0      1      0      2    0.0
57         0      0      0      0      1      0      1    0.0
20         0      0      0      1      0      0      1    0.0
TRAC       0      0      0      1      0      0      1    0.0
61         0      0      0      1      0      0      1    0.0
75         0      0      0      1      0      0      1    0.0
03         0      0      0      1      0      0      1    0.0
13         0      0      0      0      0      1      1    0.0
16         0      0      0      0      1      0      1    0.0
RCCR       0      0      0      0      1      0      1    0.0
RCP        0      0      0      1      0      0      1    0.0
CRAC       0      0      0      1      0      0      1    0.0
59         0      0      0      1      0      0      1    0.0
RCA        0      0      0      1      0      0      1    0.0
GRC        0      0      0      1      0      0      1    0.0
89         0      0      1      0      0      0      1    0.0
FRA        0      0      1      0      0      0      1    0.0
BARC       0      0      0      1      0      0      1    0.0
45         0      0      0      0      1      0      1    0.0
ARUKR      0      0      0      0      1      0      1    0.0
WIA        0      0      0      1      0      0      1    0.0
50         0      0      0      0      1      0      1    0.0
AC         0      0      0      1      0      0      1    0.0
UARL       0      0      0      1      0      0      1    0.0
------------------------------------------------------
Total      0    537   1215   1895   1085    380   5112

Multi-band QSOs
---------------
1 bands    1342
2 bands     568
3 bands     294
4 bands     162
5 bands     116
6 bands       0

------- S i n g l e   B a n d   Q S O s ------
Band    160     80     40     20     15     10
----------------------------------------------
QSOs      0     60    286    714    228     54
