Cabrillo Statistics           (Version 10g)           by K5KA & N6TV
http://bit.ly/cabstat

CONTEST: IARU-HF
CALLSIGN: MB3W
CATEGORY-OPERATOR: MULTI-OP
CATEGORY-TRANSMITTER: TWO
OPERATORS: OK6RA

**  1  ****** Q S O   R a t e   S u m m a r y **************

Hour     160     80     40     20     15     10  Total    Pct
-------------------------------------------------------------
1200       0      0      0      0    172      0    172    6.5
1300       0      0      0      0     79      4     83    9.7
1400       0      0     64      0     56      0    120   14.2
1500       0      0      1      3     84      0     88   17.5
1600       0      0     84      0     43      0    127   22.3
1700       0      0     44      0    102      0    146   27.9
1800       0      0      0      0    108      0    108   32.0
1900       0      0      0      0    113      0    113   36.3
2000       0     38      0      1     67      0    106   40.3
2100       0     46      1      0     45      1     93   43.8
2200       0    112     27      0      0      0    139   49.1
2300       0    104     19      0      0      0    123   53.7
0000       0      0    166      0      0      0    166   60.0
0100       0     64     61      0      0      0    125   64.7
0200       0     40     82      0      0      0    122   69.4
0300       0      0    109      0      0      0    109   73.5
0400       0      0     79      0      0      0     79   76.5
0500       0      0     75      0      3      0     78   79.4
0600       0      0    110      0      0      0    110   83.6
0700       0      0     76      0      5      0     81   86.7
0800       0      0      0      0     92      9    101   90.5
0900       0      0      0      0      2    105    107   94.5
1000       0      0      2      0     14     49     65   97.0
1100       0      0     17      0     62      0     79  100.0
------------------------------------------------------
Total      0    404   1017      4   1047    168   2640


**  0  ****** Q S O   R a t e   S u m m a r y **************

Hour     160     80     40     20     15     10  Total    Pct
-------------------------------------------------------------
1200       0      0      0    162      0      0    162    6.9
1300       0      0      0     63      0     22     85   10.6
1400       0      0      0      0      0     80     80   14.0
1500       0      0      0     34      0     68    102   18.4
1600       0      0      0    101      0     48    149   24.8
1700       0      0      0    127      0      7    134   30.5
1800       0      0      0    112      0      3    115   35.5
1900       0      0      0     52      0     48    100   39.8
2000       0      0      0     51      0     27     78   43.1
2100       0      0      0    140      0      0    140   49.1
2200       0      0      0     40     23      0     63   51.8
2300       0      0      0    114      0      0    114   56.7
0000       0      0      0     94      0      0     94   60.7
0100       0      0      0     76      0      0     76   64.0
0200       0      0      0     38      0      0     38   65.6
0300       0     59      0      5      0      0     64   68.4
0400       0      3      0     41      0      0     44   70.2
0500       0      0      0     42     11      1     54   72.6
0600       0      0      0     73      9      3     85   76.2
0700       0      0      0     38     30      6     74   79.4
0800       0      0      0    172      0      0    172   86.7
0900       0      0      0    124      0      0    124   92.1
1000       0      0      0     40     56      0     96   96.2
1100       0      0      0     89      0      0     89  100.0
------------------------------------------------------
Total      0     62      0   1828    129    313   2332


-------------- Q S O   R a t e   S u m m a r y ---------------------
Hour     160     80     40     20     15     10    Rate Total    Pct
--------------------------------------------------------------------
1200       0      0      0    162    172      0    334    334    6.7
1300       0      0      0     63     79     26    168    502   10.1
1400       0      0     64      0     56     80    200    702   14.1
1500       0      0      1     37     84     68    190    892   17.9
1600       0      0     84    101     43     48    276   1168   23.5
1700       0      0     44    127    102      7    280   1448   29.1
1800       0      0      0    112    108      3    223   1671   33.6
1900       0      0      0     52    113     48    213   1884   37.9
2000       0     38      0     52     67     27    184   2068   41.6
2100       0     46      1    140     45      1    233   2301   46.3
2200       0    112     27     40     23      0    202   2503   50.3
2300       0    104     19    114      0      0    237   2740   55.1
0000       0      0    166     94      0      0    260   3000   60.3
0100       0     64     61     76      0      0    201   3201   64.4
0200       0     40     82     38      0      0    160   3361   67.6
0300       0     59    109      5      0      0    173   3534   71.1
0400       0      3     79     41      0      0    123   3657   73.6
0500       0      0     75     42     14      1    132   3789   76.2
0600       0      0    110     73      9      3    195   3984   80.1
0700       0      0     76     38     35      6    155   4139   83.2
0800       0      0      0    172     92      9    273   4412   88.7
0900       0      0      0    124      2    105    231   4643   93.4
1000       0      0      2     40     70     49    161   4804   96.6
1100       0      0     17     89     62      0    168   4972  100.0
------------------------------------------------------
Total      0    466   1017   1832   1176    481   4972

Gross QSOs=5066        Dupes=94        Net QSOs=4972

Unique callsigns worked = 2426

The best 60 minute rate was 347/hour from 1205 to 1304
The best 30 minute rate was 380/hour from 1209 to 1238
The best 10 minute rate was 408/hour from 1854 to 1903

The best 1 minute rates were:
10 QSOs/minute    1 times.
 9 QSOs/minute    7 times.
 8 QSOs/minute   30 times.
 7 QSOs/minute   63 times.
 6 QSOs/minute  111 times.
 5 QSOs/minute  195 times.
 4 QSOs/minute  269 times.
 3 QSOs/minute  270 times.
 2 QSOs/minute  256 times.
 1 QSOs/minute  179 times.

Number of letters in callsigns
Letters  # worked
-----------------
   2         1
   3        28
   4      1923
   5      1902
   6      1070
   7        17
   8        22
   9         7
  10         1

------------ M u l t i p l i e r   S u m m a r y ------------
Mult     160     80     40     20     15     10  Total    Pct
-------------------------------------------------------------
28         0    192    445    701    540    299   2177   43.8
08         0     18    170    358    216      3    765   15.4
29         0     55    111    265    103     31    565   11.4
27         0    119    123    123     87     72    524   10.5
18         0     25     44     59     17      3    148    3.0
07         0      0     15     60     40      0    115    2.3
30         0      5     16     39     23      0     83    1.7
04         0      3     12     28     18      0     61    1.2
06         0      0      1     36     17      0     54    1.1
37         0      4     12     16     11      8     51    1.0
09         0      2      7     16     11      0     36    0.7
11         0      1      5     13     10      4     33    0.7
39         0      1      5     10     11      5     32    0.6
15         0      0      3      2      5      6     16    0.3
URE        0      2      2      2      3      2     11    0.2
14         0      1      1      3      1      5     11    0.2
32         0      0      0      8      3      0     11    0.2
FRR        0      2      2      2      2      2     10    0.2
PZK        0      2      2      2      2      2     10    0.2
SRS        0      2      2      2      2      2     10    0.2
HRS        0      2      2      2      2      2     10    0.2
ZRS        0      2      2      2      2      2     10    0.2
RSGB       0      2      2      2      2      2     10    0.2
BFRA       0      1      2      2      2      2      9    0.2
R1         0      2      1      2      3      1      9    0.2
OV         0      2      1      2      2      2      9    0.2
SSA        0      2      2      2      2      1      9    0.2
12         0      0      0      3      3      3      9    0.2
SRR        0      2      2      2      1      1      8    0.2
SRAL       0      2      2      1      1      2      8    0.2
REF        0      1      2      2      2      1      8    0.2
BFRR       0      1      2      2      1      2      8    0.2
02         0      0      0      7      1      0      8    0.2
31         0      0      0      5      2      0      7    0.1
ARABH      0      1      1      2      1      2      7    0.1
DARC       0      1      2      1      2      1      7    0.1
MRASZ      0      1      2      1      1      2      7    0.1
USKA       0      2      0      2      1      2      7    0.1
17         0      0      2      4      0      0      6    0.1
ARI        0      2      2      1      1      0      6    0.1
36         0      1      0      2      2      1      6    0.1
19         0      0      2      2      1      0      5    0.1
10         0      0      0      4      1      0      5    0.1
EDR        0      1      1      1      1      1      5    0.1
UBA        0      1      1      1      1      1      5    0.1
VERON      0      2      0      0      1      1      4    0.1
IRA        0      1      1      2      0      0      4    0.1
ERAU       0      0      0      1      1      1      3    0.1
44         0      0      0      3      0      0      3    0.1
42         0      0      0      2      1      0      3    0.1
53         0      0      0      1      2      0      3    0.1
ARRL       0      0      1      1      1      0      3    0.1
49         0      0      0      1      2      0      3    0.1
60         0      0      1      2      0      0      3    0.1
AC         0      0      1      2      0      0      3    0.1
BARC       0      0      0      0      2      0      2    0.0
IRTS       0      0      1      1      0      0      2    0.0
RCA        0      0      0      0      0      2      2    0.0
48         0      0      0      2      0      0      2    0.0
58         0      0      0      1      1      0      2    0.0
57         0      0      0      0      1      0      1    0.0
13         0      0      0      0      0      1      1    0.0
ARAT       0      0      0      1      0      0      1    0.0
SHRAK      0      0      0      0      0      1      1    0.0
RSM        0      0      0      1      0      0      1    0.0
45         0      0      0      1      0      0      1    0.0
20         0      0      0      1      0      0      1    0.0
ARM        0      0      0      1      0      0      1    0.0
16         0      0      0      0      1      0      1    0.0
75         0      0      0      1      0      0      1    0.0
ROARS      0      0      0      1      0      0      1    0.0
RCP        0      0      0      1      0      0      1    0.0
IARU       0      0      0      1      0      0      1    0.0
59         0      0      0      1      0      0      1    0.0
55         0      0      0      1      0      0      1    0.0
KFRR       0      0      0      0      1      0      1    0.0
AFVL       0      0      1      0      0      0      1    0.0
NARL       0      0      0      0      1      0      1    0.0
41         0      0      0      0      1      0      1    0.0
------------------------------------------------------
Total      0    466   1017   1832   1176    481   4972

Multi-band QSOs
---------------
1 bands    1329
2 bands     538
3 bands     307
4 bands     158
5 bands      94
6 bands       0

------- S i n g l e   B a n d   Q S O s ------
Band    160     80     40     20     15     10
----------------------------------------------
QSOs      0     79    243    662    257     88
