Cabrillo Statistics           (Version 10g)           by K5KA & N6TV
http://bit.ly/cabstat

CONTEST: IARU-HF
CALLSIGN: MB4C
CATEGORY-OPERATOR: MULTI-OP
CATEGORY-TRANSMITTER: TWO
OPERATORS: RG6G, RA3CO

**  0  ****** Q S O   R a t e   S u m m a r y **************

Hour     160     80     40     20     15     10  Total    Pct
-------------------------------------------------------------
1200       0      0      0      0    162      0    162    6.8
1300       0      0      0      0     32     42     74    9.9
1400       0      0      0      0     73     38    111   14.5
1500       0      0      9      6     40     70    125   19.7
1600       0      0      0     54    106     10    170   26.9
1700       0      6      0      0     88     22    116   31.7
1800       0      1      0      0     70    103    174   39.0
1900       0     36      0      1     28     42    107   43.5
2000       0      0     22      0     66      7     95   47.4
2100       0     70     15     47      3      2    137   53.2
2200       0    100      0     34      0      0    134   58.8
2300       0      0     76     51      0      0    127   64.1
0000       0      0     18     88      0      0    106   68.5
0100       0     43      0     27      0      0     70   71.5
0200       0      1     24     22      0      0     47   73.4
0300       0     18     46      0      0      0     64   76.1
0400       0      0     60      2      8      0     70   79.0
0500       0      0      0     27      9      1     37   80.6
0600       0      0     28      1     25      0     54   82.8
0700       0      0     28      0     51      2     81   86.2
0800       0      0      0      0     25     30     55   88.5
0900       0      0      0      0     73     16     89   92.3
1000       0      0      0      0    117      0    117   97.2
1100       0      0      0      0     64      4     68  100.0
------------------------------------------------------
Total      0    275    326    360   1040    389   2390


**  1  ****** Q S O   R a t e   S u m m a r y **************

Hour     160     80     40     20     15     10  Total    Pct
-------------------------------------------------------------
1200       0      0      0    179      0      0    179    6.4
1300       0      0      0     97      0      0     97    9.8
1400       0      0      0    123      0      0    123   14.2
1500       0      0      2    134      8      0    144   19.3
1600       0      0    123     50      0      0    173   25.4
1700       0      0      0    128      0      0    128   30.0
1800       0      0    140      4      0      0    144   35.1
1900       0      0    100     62      0      0    162   40.8
2000       0      0      0    128      0      0    128   45.4
2100       0      0    132     14      0      0    146   50.6
2200       0     18    143      0      0      0    161   56.3
2300       0    132      0      0      0      0    132   61.0
0000       0     51     47      0      0      0     98   64.5
0100       0      0    126      0      0      0    126   68.9
0200       0     63      1     22      0      0     86   72.0
0300       0      5      0     35      0      0     40   73.4
0400       0      7     12     20      0      0     39   74.8
0500       0      0     68      0      0      0     68   77.2
0600       0      0     33     46      0      0     79   80.0
0700       0      0      0    125      0      0    125   84.4
0800       0      0      0     50     43      0     93   87.7
0900       0      0      0    134      0      0    134   92.5
1000       0      0      2     44      0     32     78   95.3
1100       0      0      0    133      0      0    133  100.0
------------------------------------------------------
Total      0    276    929   1528     51     32   2816


-------------- Q S O   R a t e   S u m m a r y ---------------------
Hour     160     80     40     20     15     10    Rate Total    Pct
--------------------------------------------------------------------
1200       0      0      0    179    162      0    341    341    6.6
1300       0      0      0     97     32     42    171    512    9.8
1400       0      0      0    123     73     38    234    746   14.3
1500       0      0     11    140     48     70    269   1015   19.5
1600       0      0    123    104    106     10    343   1358   26.1
1700       0      6      0    128     88     22    244   1602   30.8
1800       0      1    140      4     70    103    318   1920   36.9
1900       0     36    100     63     28     42    269   2189   42.0
2000       0      0     22    128     66      7    223   2412   46.3
2100       0     70    147     61      3      2    283   2695   51.8
2200       0    118    143     34      0      0    295   2990   57.4
2300       0    132     76     51      0      0    259   3249   62.4
0000       0     51     65     88      0      0    204   3453   66.3
0100       0     43    126     27      0      0    196   3649   70.1
0200       0     64     25     44      0      0    133   3782   72.6
0300       0     23     46     35      0      0    104   3886   74.6
0400       0      7     72     22      8      0    109   3995   76.7
0500       0      0     68     27      9      1    105   4100   78.8
0600       0      0     61     47     25      0    133   4233   81.3
0700       0      0     28    125     51      2    206   4439   85.3
0800       0      0      0     50     68     30    148   4587   88.1
0900       0      0      0    134     73     16    223   4810   92.4
1000       0      0      2     44    117     32    195   5005   96.1
1100       0      0      0    133     64      4    201   5206  100.0
------------------------------------------------------
Total      0    551   1255   1888   1091    421   5206

Gross QSOs=5373        Dupes=167        Net QSOs=5206

Unique callsigns worked = 2458

The best 60 minute rate was 348/hour from 1205 to 1304
The best 30 minute rate was 384/hour from 1206 to 1235
The best 10 minute rate was 510/hour from 1559 to 1608

The best 1 minute rates were:
12 QSOs/minute    3 times.
11 QSOs/minute    4 times.
10 QSOs/minute    8 times.
 9 QSOs/minute   14 times.
 8 QSOs/minute   32 times.
 7 QSOs/minute   70 times.
 6 QSOs/minute  162 times.
 5 QSOs/minute  183 times.
 4 QSOs/minute  222 times.
 3 QSOs/minute  271 times.
 2 QSOs/minute  213 times.
 1 QSOs/minute  160 times.

Number of letters in callsigns
Letters  # worked
-----------------
   3        38
   4      1996
   5      2011
   6      1103
   7        23
   8        24
   9         6
  10         4

------------ M u l t i p l i e r   S u m m a r y ------------
Mult     160     80     40     20     15     10  Total    Pct
-------------------------------------------------------------
28         0    245    521    774    504    275   2319   44.5
08         0     26    198    341    180      1    746   14.3
29         0     59    139    297    104     20    619   11.9
27         0    127    198    106     87     70    588   11.3
18         0     24     48     55     22      1    150    2.9
30         0      9     25     47     27      1    109    2.1
07         0      0     12     56     37      0    105    2.0
37         0      6     13     20     13      9     61    1.2
04         0      1     13     30     12      0     56    1.1
06         0      0      0     25     15      0     40    0.8
39         0      3      7     12     12      1     35    0.7
11         0      1      5     12      7      2     27    0.5
09         0      2      5      8      7      0     22    0.4
15         0      1      7      3      4      4     19    0.4
31         0      0      1      7      6      0     14    0.3
R1         0      2      3      2      2      2     11    0.2
32         0      0      0      7      4      0     11    0.2
HRS        0      2      2      2      2      2     10    0.2
FRR        0      2      2      2      2      2     10    0.2
PZK        0      2      2      2      2      2     10    0.2
URE        0      2      2      2      2      2     10    0.2
RSGB       0      2      2      2      2      2     10    0.2
SRS        0      2      2      2      1      2      9    0.2
ZRS        0      2      1      2      2      2      9    0.2
OV         0      2      2      1      2      2      9    0.2
MRASZ      0      2      2      2      1      2      9    0.2
DARC       0      2      2      2      1      1      8    0.2
ARABH      0      1      2      2      1      2      8    0.2
12         0      0      2      3      2      1      8    0.2
REF        0      2      1      2      2      1      8    0.2
BFRR       0      2      2      2      1      1      8    0.2
BFRA       0      1      2      2      1      1      7    0.1
SSA        0      2      2      2      1      0      7    0.1
SRR        0      2      2      2      1      0      7    0.1
USKA       0      2      1      1      0      2      6    0.1
UBA        0      2      1      2      1      0      6    0.1
36         0      1      0      2      1      2      6    0.1
14         0      1      2      1      0      2      6    0.1
IRA        0      1      1      2      1      0      5    0.1
02         0      0      0      5      0      0      5    0.1
VERON      0      1      2      0      0      1      4    0.1
44         0      0      0      1      3      0      4    0.1
SRAL       0      1      2      1      0      0      4    0.1
49         0      0      0      2      2      0      4    0.1
ARI        0      2      1      1      0      0      4    0.1
RSM        0      1      2      0      1      0      4    0.1
AC         0      0      2      2      0      0      4    0.1
17         0      0      1      1      1      0      3    0.1
54         0      0      1      2      0      0      3    0.1
19         0      0      1      2      0      0      3    0.1
BARC       0      0      0      2      1      0      3    0.1
45         0      0      0      2      1      0      3    0.1
ARRL       0      0      1      1      1      0      3    0.1
EDR        0      1      1      1      0      0      3    0.1
60         0      0      1      2      0      0      3    0.1
10         0      0      1      2      0      0      3    0.1
KFRR       0      0      0      2      1      0      3    0.1
AFVL       0      0      0      1      1      0      2    0.0
48         0      0      1      1      0      0      2    0.0
61         0      0      0      1      1      0      2    0.0
58         0      0      1      0      1      0      2    0.0
42         0      0      1      0      1      0      2    0.0
41         0      0      1      0      1      0      2    0.0
MARP       0      1      1      0      0      0      2    0.0
ROARS      0      0      0      1      1      0      2    0.0
57         0      0      0      0      1      0      1    0.0
UARL       0      0      0      1      0      0      1    0.0
RCA        0      0      0      0      0      1      1    0.0
ARAT       0      0      0      1      0      0      1    0.0
34         0      0      0      1      0      0      1    0.0
ERAU       0      0      0      0      0      1      1    0.0
75         0      0      0      1      0      0      1    0.0
03         0      0      0      1      0      0      1    0.0
SARS       0      0      0      1      0      0      1    0.0
IARU       0      0      0      1      0      0      1    0.0
50         0      0      1      0      0      0      1    0.0
IRTS       0      1      0      0      0      0      1    0.0
59         0      0      0      1      0      0      1    0.0
55         0      0      0      1      0      0      1    0.0
RCP        0      0      0      1      0      0      1    0.0
RCCR       0      0      0      1      0      0      1    0.0
FRA        0      0      1      0      0      0      1    0.0
NARG       0      0      0      0      0      1      1    0.0
43         0      0      0      0      1      0      1    0.0
------------------------------------------------------
Total      0    551   1255   1888   1091    421   5206

Multi-band QSOs
---------------
1 bands    1285
2 bands     552
3 bands     333
4 bands     173
5 bands     115
6 bands       0

------- S i n g l e   B a n d   Q S O s ------
Band    160     80     40     20     15     10
----------------------------------------------
QSOs      0     55    300    656    192     82
