Cabrillo Statistics           (Version 10g)           by K5KA & N6TV
http://bit.ly/cabstat

CONTEST: IARU-HF
CALLSIGN: MB4F
CATEGORY-OPERATOR: MULTI-OP
CATEGORY-TRANSMITTER: TWO
OPERATORS: N2NT NP4Z

**  1  ****** Q S O   R a t e   S u m m a r y **************

Hour     160     80     40     20     15     10  Total    Pct
-------------------------------------------------------------
1200       0      0      0      0    178      0    178    6.4
1300       0      0     39      0     67      9    115   10.6
1400       0      0      0      0    165      2    167   16.6
1500       0      0     67      0     60      0    127   21.1
1600       0      0      0      0     92      0     92   24.5
1700       0      0      0      0      0    136    136   29.4
1800       0      0      8      0    132     14    154   34.9
1900       0      0    114      0     79      0    193   41.9
2000       0      0    140      0      4      4    148   47.2
2100       0     95     45      0      0      0    140   52.2
2200       0     10    114      0      0      0    124   56.7
2300       0    155      0      0      0      0    155   62.3
0000       0     20    113      0      0      0    133   67.1
0100       0      4     79      0      0      0     83   70.1
0200       0     75     18      0      0      0     93   73.4
0300       0      0     67      0      0      0     67   75.8
0400       0      0     93      0      0      0     93   79.2
0500       0      0     84      0      5      0     89   82.4
0600       0      0     41      0     21      0     62   84.6
0700       0      0     38      0     16      3     57   86.7
0800       0      0      3      0     39     33     75   89.4
0900       0      0      0      0      1    110    111   93.4
1000       0      0      0     33      0     37     70   95.9
1100       0      0     48     66      0      0    114  100.0
------------------------------------------------------
Total      0    359   1111     99    859    348   2776


**  0  ****** Q S O   R a t e   S u m m a r y **************

Hour     160     80     40     20     15     10  Total    Pct
-------------------------------------------------------------
1200       0      0      0    172      0      0    172    7.0
1300       0      0      0    123      0      0    123   12.0
1400       0      0      0     97      0      2     99   16.0
1500       0      0      0      0      0     88     88   19.5
1600       0      0      0    133      0     10    143   25.3
1700       0      0      0    137      0      0    137   30.9
1800       0      0      0    144      0      0    144   36.7
1900       0      0      0    153      0      0    153   42.9
2000       0      0      0    131      0      0    131   48.2
2100       0      0      0     19     73      0     92   52.0
2200       0      0      0     85     17      0    102   56.1
2300       0      0      0     63      7      0     70   58.9
0000       0     59      0     68      0      0    127   64.1
0100       0     36      0     35      0      0     71   67.0
0200       0      3      0     51      0      0     54   69.2
0300       0     31      0      7      0      0     38   70.7
0400       0     37      0     20      0      0     57   73.0
0500       0      1      0     49      0      0     50   75.0
0600       0      0      0     37      0      7     44   76.8
0700       0      0      0     97      0      0     97   80.7
0800       0      0      0    159      0      0    159   87.2
0900       0      0      0     94     12      0    106   91.5
1000       0      0      0      0    117      0    117   96.2
1100       0      0      0     14     76      2     92  100.0
------------------------------------------------------
Total      0    167      0   1889    302    109   2467


-------------- Q S O   R a t e   S u m m a r y ---------------------
Hour     160     80     40     20     15     10    Rate Total    Pct
--------------------------------------------------------------------
1200       0      0      0    172    178      0    350    350    6.7
1300       0      0     39    123     67      9    238    588   11.2
1400       0      0      0     97    165      4    266    854   16.3
1500       0      0     67      0     60     88    215   1069   20.4
1600       0      0      0    133     92     10    235   1304   24.9
1700       0      0      0    137      0    136    273   1577   30.1
1800       0      0      8    144    132     14    298   1875   35.8
1900       0      0    114    153     79      0    346   2221   42.4
2000       0      0    140    131      4      4    279   2500   47.7
2100       0     95     45     19     73      0    232   2732   52.1
2200       0     10    114     85     17      0    226   2958   56.4
2300       0    155      0     63      7      0    225   3183   60.7
0000       0     79    113     68      0      0    260   3443   65.7
0100       0     40     79     35      0      0    154   3597   68.6
0200       0     78     18     51      0      0    147   3744   71.4
0300       0     31     67      7      0      0    105   3849   73.4
0400       0     37     93     20      0      0    150   3999   76.3
0500       0      1     84     49      5      0    139   4138   78.9
0600       0      0     41     37     21      7    106   4244   80.9
0700       0      0     38     97     16      3    154   4398   83.9
0800       0      0      3    159     39     33    234   4632   88.3
0900       0      0      0     94     13    110    217   4849   92.5
1000       0      0      0     33    117     37    187   5036   96.1
1100       0      0     48     80     76      2    206   5242  100.0
------------------------------------------------------
Total      0    526   1111   1988   1161    457   5243

Gross QSOs=5404        Dupes=161        Net QSOs=5243

Unique callsigns worked = 2517

The best 60 minute rate was 383/hour from 1211 to 1310
The best 30 minute rate was 390/hour from 1859 to 1928
The best 10 minute rate was 438/hour from 1920 to 1929

The best 1 minute rates were:
12 QSOs/minute    1 times.
11 QSOs/minute    1 times.
10 QSOs/minute    6 times.
 9 QSOs/minute   20 times.
 8 QSOs/minute   45 times.
 7 QSOs/minute   87 times.
 6 QSOs/minute  121 times.
 5 QSOs/minute  194 times.
 4 QSOs/minute  226 times.
 3 QSOs/minute  236 times.
 2 QSOs/minute  270 times.
 1 QSOs/minute  162 times.

Number of letters in callsigns
Letters  # worked
-----------------
   3        38
   4      2088
   5      1978
   6      1071
   7        25
   8        28
   9        10
  10         5

------------ M u l t i p l i e r   S u m m a r y ------------
Mult     160     80     40     20     15     10  Total    Pct
-------------------------------------------------------------
28         0    205    464    779    483    307   2238   42.7
08         0     38    159    373    241      3    814   15.5
27         0    137    190    140     84     70    621   11.8
29         0     63    122    290    100     26    601   11.5
18         0     23     44     61     21      3    152    2.9
07         0      0     11     68     47      0    126    2.4
30         0      4     24     45     25      0     98    1.9
04         0      2     10     33     23      0     68    1.3
06         0      0      0     41     18      0     59    1.1
37         0      6     14     15     13      4     52    1.0
09         0      2      4     16     11      0     33    0.6
39         0      1      6     11      8      5     31    0.6
11         0      0      5     12     12      1     30    0.6
15         0      0      4      6      6      3     19    0.4
31         0      0      1      7      6      0     14    0.3
32         0      0      0      7      4      0     11    0.2
ZRS        0      2      2      2      2      2     10    0.2
PZK        0      2      2      2      2      2     10    0.2
HRS        0      2      2      2      2      2     10    0.2
URE        0      2      2      2      2      2     10    0.2
14         0      0      1      5      4      0     10    0.2
FRR        0      2      1      2      2      2      9    0.2
R1         0      2      2      2      2      1      9    0.2
BFRA       0      1      2      2      2      2      9    0.2
DARC       0      2      2      1      2      2      9    0.2
SRR        0      2      2      2      2      1      9    0.2
OV         0      1      2      1      2      2      8    0.2
REF        0      2      2      2      1      1      8    0.2
SSA        0      1      2      2      1      2      8    0.2
SRS        0      1      2      2      1      2      8    0.2
MRASZ      0      2      2      0      2      2      8    0.2
ARABH      0      2      1      2      1      1      7    0.1
BFRR       0      1      2      2      1      1      7    0.1
36         0      1      1      2      2      1      7    0.1
RSGB       0      1      1      1      2      2      7    0.1
SRAL       0      1      2      1      2      0      6    0.1
USKA       0      2      1      1      1      1      6    0.1
UBA        0      2      1      0      1      2      6    0.1
19         0      0      1      4      0      0      5    0.1
VERON      0      2      2      1      0      0      5    0.1
BARC       0      0      1      1      2      0      4    0.1
17         0      1      1      1      1      0      4    0.1
IRA        0      1      1      1      1      0      4    0.1
02         0      0      0      3      1      0      4    0.1
45         0      0      0      2      2      0      4    0.1
EDR        0      1      2      1      0      0      4    0.1
12         0      0      0      2      2      0      4    0.1
ARI        0      1      1      1      1      0      4    0.1
60         0      0      1      3      0      0      4    0.1
41         0      0      0      2      1      0      3    0.1
89         0      2      0      0      1      0      3    0.1
ARAT       0      0      1      1      1      0      3    0.1
IRTS       0      1      1      1      0      0      3    0.1
49         0      0      0      2      1      0      3    0.1
42         0      0      1      2      0      0      3    0.1
75         0      0      0      3      0      0      3    0.1
ERAU       0      1      1      0      1      0      3    0.1
AC         0      1      0      2      0      0      3    0.1
10         0      0      0      3      0      0      3    0.1
AFVL       0      0      0      1      1      0      2    0.0
58         0      0      0      1      1      0      2    0.0
0G         0      0      0      1      0      0      1    0.0
48         0      0      0      0      1      0      1    0.0
44         0      0      0      1      0      0      1    0.0
SARS       0      0      0      1      0      0      1    0.0
16         0      0      0      0      1      0      1    0.0
ROARS      0      0      0      1      0      0      1    0.0
ARRL       0      0      0      1      0      0      1    0.0
59         0      0      0      1      0      0      1    0.0
RSM        0      0      1      0      0      0      1    0.0
IARU       0      0      1      0      0      0      1    0.0
43         0      0      0      1      0      0      1    0.0
KFRR       0      0      0      1      0      0      1    0.0
TRAC       0      0      0      0      0      1      1    0.0
NARG       0      0      0      0      0      1      1    0.0
57         0      0      0      0      1      0      1    0.0
------------------------------------------------------
Total      0    526   1111   1988   1161    457   5243

Multi-band QSOs
---------------
1 bands    1341
2 bands     567
3 bands     313
4 bands     195
5 bands     101
6 bands       0

------- S i n g l e   B a n d   Q S O s ------
Band    160     80     40     20     15     10
----------------------------------------------
QSOs      0     67    229    745    231     69
