Cabrillo Statistics           (Version 10g)           by K5KA & N6TV
http://bit.ly/cabstat

CONTEST: IARU-HF
CALLSIGN: MB4G
CATEGORY-OPERATOR: MULTI-OP
CATEGORY-TRANSMITTER: TWO
OPERATORS: N6MJ KL9A

**  1  ****** Q S O   R a t e   S u m m a r y **************

Hour     160     80     40     20     15     10  Total    Pct
-------------------------------------------------------------
1200       0      0      0    172      0      0    172    5.9
1300       0      0      0    144      0     23    167   11.5
1400       0      0      0    157      0      0    157   16.9
1500       0      0      0    153      0      0    153   22.1
1600       0      0      0    150      0      0    150   27.2
1700       0      0      0    120      0      0    120   31.3
1800       0      0     61     51      0     20    132   35.8
1900       0      0     72    125      0      0    197   42.5
2000       0      0      0    137      0      0    137   47.1
2100       0    116      0      0     25      0    141   51.9
2200       0    147      0      1      3      0    151   57.1
2300       0      0      1    147      0      0    148   62.1
0000       0      0      0     99      1      0    100   65.5
0100       0      0    112      0      0      0    112   69.3
0200       0      0     87      1      0      0     88   72.3
0300       0      0     73      0      0      0     73   74.8
0400       0      0     53     24      0      0     77   77.4
0500       0      0      0     49      0      0     49   79.1
0600       0      0      0     91      0      0     91   82.2
0700       0      0      0    117      0      0    117   86.2
0800       0      0      0     81      0     30    111   90.0
0900       0      0      0      0      0     92     92   93.1
1000       0      0      0     68      0     15     83   95.9
1100       0      0      0    120      0      0    120  100.0
------------------------------------------------------
Total      0    263    459   2007     29    180   2938


**  0  ****** Q S O   R a t e   S u m m a r y **************

Hour     160     80     40     20     15     10  Total    Pct
-------------------------------------------------------------
1200       0      0      0      0    175      0    175    6.4
1300       0      0      0      0    117      0    117   10.7
1400       0      0      0      0     54     60    114   14.9
1500       0      0      0      0     23    124    147   20.3
1600       0      0      0      0     74     22     96   23.9
1700       0      0      0      0     70     33    103   27.7
1800       0      0      0      0    164      1    165   33.7
1900       0      0      0      0     64     64    128   38.4
2000       0      0     66      0     62      0    128   43.2
2100       0      0    190      0      0      0    190   50.1
2200       0      0    146      0      0      0    146   55.5
2300       0     80     84      0      0      0    164   61.6
0000       0     48     97      0      0      0    145   66.9
0100       0    121      0      0      0      0    121   71.3
0200       0     86      0      0      0      0     86   74.5
0300       0     56      0      6      0      0     62   76.8
0400       0      4     26     19      2      0     51   78.7
0500       0      0     65      0      3      0     68   81.2
0600       0      0     53      0     15      0     68   83.7
0700       0      0     40      0     16      0     56   85.7
0800       0      0      4      0     93      0     97   89.3
0900       0      0      0      0     99      0     99   92.9
1000       0      0      0      0    110      0    110   97.0
1100       0      0      0      0     82      0     82  100.0
------------------------------------------------------
Total      0    395    771     25   1223    304   2718


-------------- Q S O   R a t e   S u m m a r y ---------------------
Hour     160     80     40     20     15     10    Rate Total    Pct
--------------------------------------------------------------------
1200       0      0      0    172    175      0    347    347    6.1
1300       0      0      0    144    117     23    284    631   11.2
1400       0      0      0    157     54     60    271    902   15.9
1500       0      0      0    153     23    124    300   1202   21.3
1600       0      0      0    150     74     22    246   1448   25.6
1700       0      0      0    120     70     33    223   1671   29.5
1800       0      0     61     51    164     21    297   1968   34.8
1900       0      0     72    125     64     64    325   2293   40.5
2000       0      0     66    137     62      0    265   2558   45.2
2100       0    116    190      0     25      0    331   2889   51.1
2200       0    147    146      1      3      0    297   3186   56.3
2300       0     80     85    147      0      0    312   3498   61.8
0000       0     48     97     99      1      0    245   3743   66.2
0100       0    121    112      0      0      0    233   3976   70.3
0200       0     86     87      1      0      0    174   4150   73.4
0300       0     56     73      6      0      0    135   4285   75.8
0400       0      4     79     43      2      0    128   4413   78.0
0500       0      0     65     49      3      0    117   4530   80.1
0600       0      0     53     91     15      0    159   4689   82.9
0700       0      0     40    117     16      0    173   4862   86.0
0800       0      0      4     81     93     30    208   5070   89.6
0900       0      0      0      0     99     92    191   5261   93.0
1000       0      0      0     68    110     15    193   5454   96.4
1100       0      0      0    120     82      0    202   5656  100.0
------------------------------------------------------
Total      0    658   1230   2032   1252    484   5656

Gross QSOs=5832        Dupes=176        Net QSOs=5656

Unique callsigns worked = 2652

The best 60 minute rate was 370/hour from 1204 to 1303
The best 30 minute rate was 404/hour from 1507 to 1536
The best 10 minute rate was 534/hour from 1507 to 1516

The best 1 minute rates were:
14 QSOs/minute    1 times.
13 QSOs/minute    1 times.
12 QSOs/minute    1 times.
11 QSOs/minute    1 times.
10 QSOs/minute    8 times.
 9 QSOs/minute   20 times.
 8 QSOs/minute   58 times.
 7 QSOs/minute  101 times.
 6 QSOs/minute  158 times.
 5 QSOs/minute  211 times.
 4 QSOs/minute  223 times.
 3 QSOs/minute  230 times.
 2 QSOs/minute  222 times.
 1 QSOs/minute  146 times.

Number of letters in callsigns
Letters  # worked
-----------------
   3        41
   4      2101
   5      2200
   6      1250
   7        26
   8        20
   9        12
  10         4

------------ M u l t i p l i e r   S u m m a r y ------------
Mult     160     80     40     20     15     10  Total    Pct
-------------------------------------------------------------
28         0    271    489    849    569    357   2535   44.8
08         0     52    219    311    201      3    786   13.9
29         0     79    159    334    131     25    728   12.9
27         0    152    139    115     64     46    516    9.1
18         0     30     55     69     35      8    197    3.5
30         0      6     32     57     30      1    126    2.2
07         0      0     14     45     53      0    112    2.0
37         0      6     17     27     13      4     67    1.2
04         0      4     17     24     13      0     58    1.0
06         0      0      0     25     25      0     50    0.9
39         0      3      8     11      9      3     34    0.6
09         0      5      7     13      6      0     31    0.5
11         0      1      8      9      8      0     26    0.5
31         0      0      1      9     10      0     20    0.4
32         0      0      0     13      3      0     16    0.3
45         0      0      0     10      3      0     13    0.2
R1         0      2      4      3      2      1     12    0.2
44         0      0      0      7      5      0     12    0.2
14         0      1      2      4      3      1     11    0.2
15         0      0      3      3      4      1     11    0.2
PZK        0      2      2      2      2      2     10    0.2
ZRS        0      2      2      2      2      2     10    0.2
BFRA       0      2      2      2      2      2     10    0.2
HRS        0      2      2      2      2      2     10    0.2
OV         0      2      2      2      2      2     10    0.2
SRR        0      2      2      2      2      2     10    0.2
FRR        0      2      1      2      2      2      9    0.2
URE        0      2      2      2      2      1      9    0.2
ARABH      0      2      2      2      2      1      9    0.2
MRASZ      0      2      2      2      2      1      9    0.2
SRS        0      1      2      1      2      2      8    0.1
BFRR       0      2      2      2      1      1      8    0.1
SRAL       0      2      2      2      1      1      8    0.1
USKA       0      2      1      2      1      2      8    0.1
DARC       0      2      2      1      2      1      8    0.1
RSGB       0      2      1      1      2      1      7    0.1
SSA        0      1      2      2      1      1      7    0.1
17         0      1      2      3      1      0      7    0.1
REF        0      2      2      1      1      1      7    0.1
12         0      1      1      4      1      0      7    0.1
36         0      1      1      1      2      1      6    0.1
UBA        0      2      1      1      1      1      6    0.1
VERON      0      2      1      0      2      1      6    0.1
ARI        0      1      2      1      1      0      5    0.1
IRA        0      1      1      1      2      0      5    0.1
19         0      0      1      4      0      0      5    0.1
60         0      0      1      4      0      0      5    0.1
RSM        0      0      1      2      0      1      4    0.1
ERAU       0      1      1      1      1      0      4    0.1
49         0      0      0      2      2      0      4    0.1
41         0      0      1      2      1      0      4    0.1
48         0      0      1      1      1      1      4    0.1
KFRR       0      0      0      2      2      0      4    0.1
EDR        0      1      2      1      0      0      4    0.1
BARC       0      0      0      2      1      0      3    0.1
02         0      0      0      2      1      0      3    0.1
54         0      0      0      2      1      0      3    0.1
10         0      0      0      2      1      0      3    0.1
AC         0      1      0      2      0      0      3    0.1
ARAT       0      0      0      1      1      0      2    0.0
53         0      0      0      0      1      1      2    0.0
AFVL       0      0      1      1      0      0      2    0.0
RAST       0      0      0      1      1      0      2    0.0
58         0      0      0      1      1      0      2    0.0
42         0      0      0      1      1      0      2    0.0
FRA        0      0      1      0      1      0      2    0.0
03         0      0      0      1      1      0      2    0.0
SARS       0      0      0      2      0      0      2    0.0
75         0      0      0      2      0      0      2    0.0
ARRL       0      0      1      0      1      0      2    0.0
IRTS       0      0      0      1      1      0      2    0.0
50         0      0      1      0      1      0      2    0.0
IARU       0      0      1      1      0      0      2    0.0
RCA        0      0      0      0      0      1      1    0.0
20         0      0      0      1      0      0      1    0.0
MARP       0      0      0      1      0      0      1    0.0
13         0      0      0      0      1      0      1    0.0
ARM        0      0      0      1      0      0      1    0.0
CRAC       0      0      0      1      0      0      1    0.0
59         0      0      0      1      0      0      1    0.0
RCP        0      0      0      1      0      0      1    0.0
ROARS      0      0      0      1      0      0      1    0.0
NARG       0      0      1      0      0      0      1    0.0
RCCR       0      0      0      1      0      0      1    0.0
61         0      0      0      1      0      0      1    0.0
43         0      0      0      0      1      0      1    0.0
57         0      0      0      0      1      0      1    0.0
UARL       0      0      0      1      0      0      1    0.0
------------------------------------------------------
Total      0    658   1230   2032   1252    484   5656

Multi-band QSOs
---------------
1 bands    1364
2 bands     590
3 bands     360
4 bands     215
5 bands     123
6 bands       0

------- S i n g l e   B a n d   Q S O s ------
Band    160     80     40     20     15     10
----------------------------------------------
QSOs      0     81    263    709    234     77
