Cabrillo Statistics           (Version 10g)           by K5KA & N6TV
http://bit.ly/cabstat

CONTEST: IARU-HF
CALLSIGN: MB4L
CATEGORY-OPERATOR: MULTI-OP
CATEGORY-TRANSMITTER: TWO
OPERATORS: ES7GM YL3JA

**  0  ****** Q S O   R a t e   S u m m a r y **************

Hour     160     80     40     20     15     10  Total    Pct
-------------------------------------------------------------
1200       0      0      1      1      0    104    106    4.2
1300       0      0      0     28      0     46     74    7.2
1400       0      0      0    159      0      0    159   13.6
1500       0      0      0    160      0      0    160   20.0
1600       0      0      0    137      0      0    137   25.4
1700       0      0      0     37      0     75    112   29.9
1800       0      3      0      1      0    101    105   34.1
1900       0      0      1     69      0     80    150   40.1
2000       0      2      2     75      0      0     79   43.3
2100       0      0      0    142      0      0    142   49.0
2200       0    120      0     22      0      0    142   54.6
2300       0    125      0      1      0      0    126   59.7
0000       0     79      0     36      0      0    115   64.3
0100       0      0      0    121      0      0    121   69.1
0200       0     12      0     47      0      0     59   71.5
0300       0     40      0     11      8      0     59   73.8
0400       0     23      0     19      0      0     42   75.5
0500       0      0      0     44      1      0     45   77.3
0600       0      0      0     50     15      0     65   79.9
0700       0      0      0     81      1      5     87   83.4
0800       0      0      0    146      0      0    146   89.2
0900       0      0      0     98      0      6    104   93.4
1000       0      0      0     14      0     57     71   96.2
1100       0      0      0     94      0      0     94  100.0
------------------------------------------------------
Total      0    404      4   1593     25    474   2500


**  1  ****** Q S O   R a t e   S u m m a r y **************

Hour     160     80     40     20     15     10  Total    Pct
-------------------------------------------------------------
1200       0      0      0      0    138      0    138    6.5
1300       0      0      0      0     96      0     96   11.0
1400       0      0      0      0    124      0    124   16.8
1500       0      0      2      0     72      2     76   20.4
1600       0      0      4      0     58      0     62   23.3
1700       0      0      0      0     90      1     91   27.5
1800       0      0     55      0     35      0     90   31.8
1900       0      0      0      0    111      0    111   37.0
2000       0      0      0      0     99      0     99   41.6
2100       0      0     54      0     28      0     82   45.5
2200       0      0    142      0      0      0    142   52.1
2300       0      0    107      0      0      0    107   57.2
0000       0      5     65      0      0      0     70   60.4
0100       0     49     46      0      0      0     95   64.9
0200       0     31     70      0      0      0    101   69.6
0300       0      0     55      0      0      0     55   72.2
0400       0      0     78      0      0      0     78   75.9
0500       0      0     80      0      0      0     80   79.6
0600       0      0     86      0      0      0     86   83.7
0700       0      0     71      0     10      0     81   87.5
0800       0      0     10      0     55     11     76   91.0
0900       0      0      0      0     41     26     67   94.2
1000       0      0      0      0     84      1     85   98.2
1100       0      0      0      0     38      1     39  100.0
------------------------------------------------------
Total      0     85    925      0   1079     42   2131


-------------- Q S O   R a t e   S u m m a r y ---------------------
Hour     160     80     40     20     15     10    Rate Total    Pct
--------------------------------------------------------------------
1200       0      0      1      1    138    104    244    244    5.3
1300       0      0      0     28     96     46    170    414    8.9
1400       0      0      0    159    124      0    283    697   15.1
1500       0      0      2    160     72      2    236    933   20.1
1600       0      0      4    137     58      0    199   1132   24.4
1700       0      0      0     37     90     76    203   1335   28.8
1800       0      3     55      1     35    101    195   1530   33.0
1900       0      0      1     69    111     80    261   1791   38.7
2000       0      2      2     75     99      0    178   1969   42.5
2100       0      0     54    142     28      0    224   2193   47.4
2200       0    120    142     22      0      0    284   2477   53.5
2300       0    125    107      1      0      0    233   2710   58.5
0000       0     84     65     36      0      0    185   2895   62.5
0100       0     49     46    121      0      0    216   3111   67.2
0200       0     43     70     47      0      0    160   3271   70.6
0300       0     40     55     11      8      0    114   3385   73.1
0400       0     23     78     19      0      0    120   3505   75.7
0500       0      0     80     44      1      0    125   3630   78.4
0600       0      0     86     50     15      0    151   3781   81.6
0700       0      0     71     81     11      5    168   3949   85.3
0800       0      0     10    146     55     11    222   4171   90.1
0900       0      0      0     98     41     32    171   4342   93.8
1000       0      0      0     14     84     58    156   4498   97.1
1100       0      0      0     94     38      1    133   4631  100.0
------------------------------------------------------
Total      0    489    929   1593   1104    516   4631

Gross QSOs=4802        Dupes=171        Net QSOs=4631

Unique callsigns worked = 2190

The best 60 minute rate was 292/hour from 1407 to 1506
The best 30 minute rate was 320/hour from 1407 to 1436
The best 10 minute rate was 366/hour from 1423 to 1432

The best 1 minute rates were:
10 QSOs/minute    1 times.
 9 QSOs/minute    2 times.
 8 QSOs/minute   12 times.
 7 QSOs/minute   36 times.
 6 QSOs/minute   92 times.
 5 QSOs/minute  177 times.
 4 QSOs/minute  311 times.
 3 QSOs/minute  277 times.
 2 QSOs/minute  286 times.
 1 QSOs/minute  171 times.

Number of letters in callsigns
Letters  # worked
-----------------
   3        35
   4      1818
   5      1764
   6       970
   7        15
   8        17
   9         7
  10         4

------------ M u l t i p l i e r   S u m m a r y ------------
Mult     160     80     40     20     15     10  Total    Pct
-------------------------------------------------------------
28         0    196    396    650    526    360   2128   46.0
08         0     16    147    257    183      0    603   13.0
29         0     68    103    249    103     43    566   12.2
27         0    121    132     95     79     63    490   10.6
18         0     31     39     50     25      0    145    3.1
07         0      0      7     61     30      0     98    2.1
30         0      4     18     36     26      3     87    1.9
04         0      1     12     24     16      0     53    1.1
06         0      0      0     32     12      0     44    1.0
37         0      3     10     14      8      6     41    0.9
39         0      2      6     15     11      3     37    0.8
11         0      0      3     12      6      1     22    0.5
09         0      1      1      6      7      0     15    0.3
15         0      1      2      4      3      1     11    0.2
PZK        0      2      2      2      2      2     10    0.2
HRS        0      2      2      2      2      2     10    0.2
FRR        0      2      2      2      2      2     10    0.2
SRS        0      2      2      2      2      2     10    0.2
URE        0      2      2      2      2      2     10    0.2
ZRS        0      2      2      2      2      2     10    0.2
MRASZ      0      2      2      2      2      1      9    0.2
BFRR       0      1      2      2      2      2      9    0.2
BFRA       0      1      2      2      2      2      9    0.2
ARABH      0      2      1      2      2      1      8    0.2
DARC       0      2      2      0      2      2      8    0.2
R1         0      1      2      2      2      1      8    0.2
SSA        0      1      2      2      2      1      8    0.2
SRAL       0      2      2      2      1      1      8    0.2
RSGB       0      2      2      1      2      1      8    0.2
SRR        0      2      2      2      1      1      8    0.2
31         0      0      1      5      2      0      8    0.2
OV         0      1      2      2      2      1      8    0.2
32         0      0      0      5      3      0      8    0.2
REF        0      2      2      2      1      0      7    0.2
ERAU       0      1      1      1      1      2      6    0.1
USKA       0      2      0      1      1      2      6    0.1
VERON      0      2      2      0      1      1      6    0.1
ARI        0      1      2      1      1      1      6    0.1
36         0      1      1      1      2      0      5    0.1
UBA        0      2      1      1      1      0      5    0.1
44         0      0      0      3      2      0      5    0.1
12         0      0      1      3      1      0      5    0.1
EDR        0      1      2      0      1      0      4    0.1
IRTS       0      1      1      1      0      0      3    0.1
02         0      0      0      3      0      0      3    0.1
BARC       0      0      0      2      1      0      3    0.1
KFRR       0      0      0      2      1      0      3    0.1
14         0      0      1      0      2      0      3    0.1
10         0      0      0      2      1      0      3    0.1
48         0      0      1      1      1      0      3    0.1
IRA        0      1      0      1      1      0      3    0.1
ARAT       0      0      0      1      0      1      2    0.0
54         0      0      0      0      2      0      2    0.0
17         0      0      0      2      0      0      2    0.0
49         0      0      0      1      1      0      2    0.0
45         0      0      0      1      1      0      2    0.0
58         0      0      0      1      1      0      2    0.0
53         0      0      0      1      0      1      2    0.0
75         0      0      0      2      0      0      2    0.0
ARRL       0      0      0      1      1      0      2    0.0
RAST       0      0      0      1      1      0      2    0.0
20         0      0      1      1      0      0      2    0.0
60         0      0      1      1      0      0      2    0.0
RSM        0      1      0      1      0      0      2    0.0
ROARS      0      0      0      1      1      0      2    0.0
AC         0      0      1      1      0      0      2    0.0
42         0      0      0      1      1      0      2    0.0
57         0      0      0      0      0      1      1    0.0
SHRAK      0      0      0      0      1      0      1    0.0
TRAC       0      0      0      0      0      1      1    0.0
52         0      0      0      1      0      0      1    0.0
MARP       0      0      0      1      0      0      1    0.0
16         0      0      0      0      1      0      1    0.0
01         0      0      1      0      0      0      1    0.0
AFVL       0      1      0      0      0      0      1    0.0
JARL       0      0      0      0      1      0      1    0.0
RCP        0      0      0      1      0      0      1    0.0
GRC        0      0      0      1      0      0      1    0.0
19         0      0      0      1      0      0      1    0.0
NARL       0      0      0      0      1      0      1    0.0
------------------------------------------------------
Total      0    489    929   1593   1104    516   4631

Multi-band QSOs
---------------
1 bands    1146
2 bands     503
3 bands     267
4 bands     173
5 bands     101
6 bands       0

------- S i n g l e   B a n d   Q S O s ------
Band    160     80     40     20     15     10
----------------------------------------------
QSOs      0     57    179    593    227     90
