Cabrillo Statistics           (Version 10g)           by K5KA & N6TV
http://bit.ly/cabstat

CONTEST: IARU-HF
CALLSIGN: MB4O
CATEGORY-OPERATOR: MULTI-OP
CATEGORY-TRANSMITTER: TWO
OPERATORS: K3PA

**  0  ****** Q S O   R a t e   S u m m a r y **************

Hour     160     80     40     20     15     10  Total    Pct
-------------------------------------------------------------
1200       0      0      0      0     14    123    137    6.0
1300       0      0      0      0    169      0    169   13.4
1400       0      0      0      0    143      3    146   19.9
1500       0      0     29      0     27     38     94   24.0
1600       0      0    104      0      0     18    122   29.3
1700       0      0      0     15      0     55     70   32.4
1800       0      0      0     80      0      0     80   35.9
1900       0      0      0    138      0      0    138   42.0
2000       0     63      0     68      0      0    131   47.8
2100       0    151      0      0      0      0    151   54.4
2200       0     96      0      0      0      0     96   58.6
2300       0    123      0      0      0      0    123   64.0
0000       0     16      0     26      0      0     42   65.9
0100       0     61      0      8      0      0     69   68.9
0200       0     82      0      0      0      0     82   72.5
0300       0     20      0     14      0      0     34   74.0
0400       0      0      0     28      0      0     28   75.2
0500       0      0      0     39      0      0     39   76.9
0600       0      0      0    137      0      0    137   83.0
0700       0      0      0     88      0      0     88   86.8
0800       0      0      0     32      0     30     62   89.5
0900       0      0      0      0     47     10     57   92.0
1000       0      0      0      1    101     10    112   97.0
1100       0      0      0      0     58     11     69  100.0
------------------------------------------------------
Total      0    612    133    674    559    298   2276


**  1  ****** Q S O   R a t e   S u m m a r y **************

Hour     160     80     40     20     15     10  Total    Pct
-------------------------------------------------------------
1200       0      0      0    175      0      0    175    6.4
1300       0      0      0    157      0      0    157   12.1
1400       0      0     75     63      0      0    138   17.1
1500       0      0     17    128      0      0    145   22.4
1600       0      0      0     57     81      4    142   27.6
1700       0      0      6     64     67      0    137   32.6
1800       0      0      0      0    171      0    171   38.8
1900       0      0    120      0     17      0    137   43.8
2000       0      0    129      0      0      0    129   48.5
2100       0      0     37     91      0      0    128   53.2
2200       0      0     79     56      0      0    135   58.1
2300       0      0     70     38      0      0    108   62.0
0000       0      0    132      0      0      0    132   66.8
0100       0      0    116      0      0      0    116   71.0
0200       0      0     48      3      0      0     51   72.9
0300       0      9     42      0      0      0     51   74.8
0400       0      4     71      0      1      0     76   77.5
0500       0      1     56      0      0      0     57   79.6
0600       0      0     27      0     20      0     47   81.3
0700       0      0     71      0     10      0     81   84.3
0800       0      0      6     13     68      1     88   87.5
0900       0      0      0     94      0     33    127   92.1
1000       0      0      0     98     17      9    124   96.6
1100       0      0      0     89      0      4     93  100.0
------------------------------------------------------
Total      0     14   1102   1126    452     51   2745


-------------- Q S O   R a t e   S u m m a r y ---------------------
Hour     160     80     40     20     15     10    Rate Total    Pct
--------------------------------------------------------------------
1200       0      0      0    175     14    123    312    312    6.2
1300       0      0      0    157    169      0    326    638   12.7
1400       0      0     75     63    143      3    284    922   18.4
1500       0      0     46    128     27     38    239   1161   23.1
1600       0      0    104     57     81     22    264   1425   28.4
1700       0      0      6     79     67     55    207   1632   32.5
1800       0      0      0     80    171      0    251   1883   37.5
1900       0      0    120    138     17      0    275   2158   43.0
2000       0     63    129     68      0      0    260   2418   48.2
2100       0    151     37     91      0      0    279   2697   53.7
2200       0     96     79     56      0      0    231   2928   58.3
2300       0    123     70     38      0      0    231   3159   62.9
0000       0     16    132     26      0      0    174   3333   66.4
0100       0     61    116      8      0      0    185   3518   70.1
0200       0     82     48      3      0      0    133   3651   72.7
0300       0     29     42     14      0      0     85   3736   74.4
0400       0      4     71     28      1      0    104   3840   76.5
0500       0      1     56     39      0      0     96   3936   78.4
0600       0      0     27    137     20      0    184   4120   82.1
0700       0      0     71     88     10      0    169   4289   85.4
0800       0      0      6     45     68     31    150   4439   88.4
0900       0      0      0     94     47     43    184   4623   92.1
1000       0      0      0     99    118     19    236   4859   96.8
1100       0      0      0     89     58     15    162   5021  100.0
------------------------------------------------------
Total      0    626   1235   1800   1011    349   5021

Gross QSOs=5121        Dupes=100        Net QSOs=5021

Unique callsigns worked = 2443

The best 60 minute rate was 335/hour from 1221 to 1320
The best 30 minute rate was 356/hour from 1255 to 1324
The best 10 minute rate was 438/hour from 1029 to 1038

The best 1 minute rates were:
 9 QSOs/minute    2 times.
 8 QSOs/minute   16 times.
 7 QSOs/minute   70 times.
 6 QSOs/minute  135 times.
 5 QSOs/minute  222 times.
 4 QSOs/minute  267 times.
 3 QSOs/minute  240 times.
 2 QSOs/minute  259 times.
 1 QSOs/minute  159 times.

Number of letters in callsigns
Letters  # worked
-----------------
   3        36
   4      1955
   5      1913
   6      1064
   7        16
   8        25
   9         7
  10         5

------------ M u l t i p l i e r   S u m m a r y ------------
Mult     160     80     40     20     15     10  Total    Pct
-------------------------------------------------------------
28         0    284    506    769    417    206   2182   43.5
08         0     26    212    285    222      0    745   14.8
29         0     73    158    270     90     40    631   12.6
27         0    148    162    126     59     56    551   11.0
18         0     33     50     64     26      5    178    3.5
30         0      7     28     46     20      5    106    2.1
07         0      0     10     44     49      0    103    2.1
04         0      2     14     26     11      0     53    1.1
37         0      4     16     13      6      5     44    0.9
06         0      0      1     14     28      0     43    0.9
39         0      2      6     13     10      2     33    0.7
09         0      3      6     12      7      0     28    0.6
11         0      0     10      8      4      0     22    0.4
31         0      0      1     10      4      0     15    0.3
FRR        0      2      2      2      2      2     10    0.2
URE        0      2      3      2      2      1     10    0.2
PZK        0      2      2      2      2      2     10    0.2
HRS        0      2      2      2      2      2     10    0.2
SRS        0      2      2      2      2      2     10    0.2
32         0      0      1      5      3      0      9    0.2
15         0      0      2      5      2      0      9    0.2
ZRS        0      1      2      2      2      2      9    0.2
OV         0      2      2      2      2      1      9    0.2
MRASZ      0      2      2      2      1      1      8    0.2
BFRA       0      1      1      2      2      2      8    0.2
SRR        0      2      2      2      2      0      8    0.2
R1         0      1      1      3      2      1      8    0.2
SRAL       0      2      2      2      1      1      8    0.2
ARABH      0      2      1      2      0      2      7    0.1
DARC       0      2      1      2      1      1      7    0.1
RSGB       0      2      1      1      2      1      7    0.1
14         0      1      2      3      0      0      6    0.1
UBA        0      2      1      2      0      1      6    0.1
12         0      0      1      4      1      0      6    0.1
VERON      0      2      1      1      1      1      6    0.1
17         0      1      2      1      1      0      5    0.1
42         0      0      1      2      2      0      5    0.1
USKA       0      2      0      1      1      1      5    0.1
REF        0      2      2      1      0      0      5    0.1
BFRR       0      0      1      2      1      1      5    0.1
ARI        0      1      2      1      1      0      5    0.1
SSA        0      1      2      1      1      0      5    0.1
44         0      0      0      3      1      0      4    0.1
20         0      0      0      4      0      0      4    0.1
45         0      0      0      1      3      0      4    0.1
49         0      0      0      3      1      0      4    0.1
36         0      0      1      2      1      0      4    0.1
02         0      0      0      2      2      0      4    0.1
EDR        0      1      2      1      0      0      4    0.1
41         0      0      0      2      1      0      3    0.1
19         0      0      1      2      0      0      3    0.1
ERAU       0      1      0      2      0      0      3    0.1
ARAT       0      0      0      1      1      0      2    0.0
10         0      0      0      1      1      0      2    0.0
50         0      0      1      1      0      0      2    0.0
BARC       0      0      0      1      1      0      2    0.0
IRA        0      1      1      0      0      0      2    0.0
48         0      0      1      1      0      0      2    0.0
25         0      0      0      1      0      1      2    0.0
03         0      0      0      1      1      0      2    0.0
60         0      0      1      1      0      0      2    0.0
IARU       0      0      1      1      0      0      2    0.0
IRTS       0      2      0      0      0      0      2    0.0
ARRL       0      0      1      1      0      0      2    0.0
ROARS      0      0      0      1      1      0      2    0.0
KFRR       0      0      0      1      1      0      2    0.0
NARG       0      0      0      0      1      1      2    0.0
ARM        0      0      0      1      1      0      2    0.0
SHA        0      0      0      1      0      0      1    0.0
13         0      0      0      0      1      0      1    0.0
34         0      0      0      1      0      0      1    0.0
UARL       0      0      0      1      0      0      1    0.0
FRA        0      0      0      1      0      0      1    0.0
75         0      0      0      1      0      0      1    0.0
CRAC       0      0      0      1      0      0      1    0.0
AC         0      0      1      0      0      0      1    0.0
52         0      0      0      0      0      1      1    0.0
TRAC       0      0      0      0      0      1      1    0.0
RSM        0      0      0      0      0      1      1    0.0
57         0      0      0      0      1      0      1    0.0
------------------------------------------------------
Total      0    626   1235   1800   1011    349   5021

Multi-band QSOs
---------------
1 bands    1256
2 bands     561
3 bands     348
4 bands     180
5 bands      98
6 bands       0

------- S i n g l e   B a n d   Q S O s ------
Band    160     80     40     20     15     10
----------------------------------------------
QSOs      0     83    307    613    198     55
