Cabrillo Statistics           (Version 10g)           by K5KA & N6TV
http://bit.ly/cabstat

CONTEST: IARU-HF
CALLSIGN: MB4P
CATEGORY-OPERATOR: MULTI-OP
CATEGORY-TRANSMITTER: TWO
OPERATORS: AA3B W2GD

**  1  ****** Q S O   R a t e   S u m m a r y **************

Hour     160     80     40     20     15     10  Total    Pct
-------------------------------------------------------------
1200       0      0      0      0      0    124    124    4.7
1300       0      0      0    154      0      4    158   10.6
1400       0      0     82      2      0     38    122   15.2
1500       0      0      3    163      0      4    170   21.5
1600       0      0      0     28      0     56     84   24.7
1700       0      0      0      0     37     76    113   28.9
1800       0      0      0      0    176      0    176   35.5
1900       0      0     40      0     51      0     91   38.9
2000       0     40      0      0     78      0    118   43.4
2100       0    163      0      0      0      0    163   49.5
2200       0    128      0      0      0      0    128   54.3
2300       0     80      0     81      0      0    161   60.3
0000       0     34      0     79      0      0    113   64.6
0100       0     78      0     31      0      0    109   68.6
0200       0     26      0     26      0      0     52   70.6
0300       0     58      0      4      0      0     62   72.9
0400       0      0      0     45      2      0     47   74.7
0500       0      0      0     65      1      0     66   77.2
0600       0      1      0      2     40      3     46   78.9
0700       0      0      0     85     22      9    116   83.2
0800       0      0      0    114      0     22    136   88.3
0900       0      0      0      0      0    101    101   92.1
1000       0      0      0     84      0      9     93   95.6
1100       0      0      0    117      0      0    117  100.0
------------------------------------------------------
Total      0    608    125   1080    407    446   2666


**  0  ****** Q S O   R a t e   S u m m a r y **************

Hour     160     80     40     20     15     10  Total    Pct
-------------------------------------------------------------
1200       0      0      0      0    182      0    182    7.3
1300       0      0      0      0     99      0     99   11.3
1400       0      0      2      0    128      0    130   16.5
1500       0      0      5      0     90      0     95   20.3
1600       0      0    154      0      0      0    154   26.5
1700       0      0     57     30      0      0     87   30.0
1800       0      0      0    149      0      0    149   36.0
1900       0      0      0    163      0      0    163   42.6
2000       0      0      0     95      0      0     95   46.4
2100       0      0      0    119      0      0    119   51.2
2200       0      0    128      7      0      0    135   56.6
2300       0      0    121      0      0      0    121   61.5
0000       0      0    107      0      0      0    107   65.8
0100       0      0     93      0      0      0     93   69.5
0200       0      0     61      0      0      0     61   71.9
0300       0      0     77      0      0      0     77   75.0
0400       0      0     77      0      0      0     77   78.1
0500       0      0     60      0      0      0     60   80.5
0600       0      0     99      0      0      1    100   84.6
0700       0      0     78      0      3      0     81   87.8
0800       0      0      0      0     95      0     95   91.6
0900       0      0      0      0     63      0     63   94.2
1000       0      0      0      0     91      0     91   97.8
1100       0      0      0      0     54      0     54  100.0
------------------------------------------------------
Total      0      0   1119    563    805      1   2488


-------------- Q S O   R a t e   S u m m a r y ---------------------
Hour     160     80     40     20     15     10    Rate Total    Pct
--------------------------------------------------------------------
1200       0      0      0      0    182    124    306    306    5.9
1300       0      0      0    154     99      4    257    563   10.9
1400       0      0     84      2    128     38    252    815   15.8
1500       0      0      8    163     90      4    265   1080   21.0
1600       0      0    154     28      0     56    238   1318   25.6
1700       0      0     57     30     37     76    200   1518   29.5
1800       0      0      0    149    176      0    325   1843   35.8
1900       0      0     40    163     51      0    254   2097   40.7
2000       0     40      0     95     78      0    213   2310   44.8
2100       0    163      0    119      0      0    282   2592   50.3
2200       0    128    128      7      0      0    263   2855   55.4
2300       0     80    121     81      0      0    282   3137   60.9
0000       0     34    107     79      0      0    220   3357   65.1
0100       0     78     93     31      0      0    202   3559   69.1
0200       0     26     61     26      0      0    113   3672   71.2
0300       0     58     77      4      0      0    139   3811   73.9
0400       0      0     77     45      2      0    124   3935   76.3
0500       0      0     60     65      1      0    126   4061   78.8
0600       0      1     99      2     40      4    146   4207   81.6
0700       0      0     78     85     25      9    197   4404   85.4
0800       0      0      0    114     95     22    231   4635   89.9
0900       0      0      0      0     63    101    164   4799   93.1
1000       0      0      0     84     91      9    184   4983   96.7
1100       0      0      0    117     54      0    171   5154  100.0
------------------------------------------------------
Total      0    608   1244   1643   1212    447   5154

Gross QSOs=5280        Dupes=126        Net QSOs=5154

Unique callsigns worked = 2425

The best 60 minute rate was 328/hour from 1751 to 1850
The best 30 minute rate was 364/hour from 1756 to 1825
The best 10 minute rate was 420/hour from 1517 to 1526

The best 1 minute rates were:
 9 QSOs/minute   12 times.
 8 QSOs/minute   27 times.
 7 QSOs/minute   74 times.
 6 QSOs/minute  134 times.
 5 QSOs/minute  205 times.
 4 QSOs/minute  263 times.
 3 QSOs/minute  266 times.
 2 QSOs/minute  233 times.
 1 QSOs/minute  167 times.

Number of letters in callsigns
Letters  # worked
-----------------
   3        31
   4      2022
   5      1974
   6      1076
   7        22
   8        17
   9         8
  10         4

------------ M u l t i p l i e r   S u m m a r y ------------
Mult     160     80     40     20     15     10  Total    Pct
-------------------------------------------------------------
28         0    281    513    613    546    297   2250   43.7
08         0     29    193    320    217      0    759   14.7
29         0     78    146    260    124     34    642   12.5
27         0    124    189    104     77     62    556   10.8
18         0     35     51     57     22      2    167    3.2
30         0      7     25     44     31      5    112    2.2
07         0      0     10     50     52      0    112    2.2
06         0      0      0     34     26      0     60    1.2
04         0      2     15     26     14      0     57    1.1
37         0      4     15     15      6      6     46    0.9
09         0      4      6     12      9      0     31    0.6
39         0      1      7     12      6      2     28    0.5
11         0      0      8      8      6      0     22    0.4
31         0      0      1      6      8      0     15    0.3
32         0      0      1      8      6      0     15    0.3
R1         0      3      3      2      2      1     11    0.2
PZK        0      2      2      2      2      2     10    0.2
HRS        0      2      2      2      2      2     10    0.2
ZRS        0      2      2      2      2      2     10    0.2
URE        0      2      2      2      2      2     10    0.2
45         0      0      0      4      6      0     10    0.2
MRASZ      0      2      2      2      2      2     10    0.2
FRR        0      2      2      2      1      2      9    0.2
BFRA       0      1      2      2      2      2      9    0.2
SRR        0      2      2      2      2      1      9    0.2
OV         0      2      2      1      2      2      9    0.2
ARABH      0      2      1      2      1      2      8    0.2
44         0      0      1      3      4      0      8    0.2
15         0      1      3      2      1      1      8    0.2
SRS        0      1      2      2      1      2      8    0.2
DARC       0      2      2      0      2      2      8    0.2
SSA        0      2      2      1      1      1      7    0.1
SRAL       0      2      2      0      2      1      7    0.1
RSGB       0      1      1      0      2      2      6    0.1
REF        0      2      2      0      1      1      6    0.1
VERON      0      2      2      0      1      1      6    0.1
12         0      0      2      3      1      0      6    0.1
IRA        0      2      1      1      1      0      5    0.1
USKA       0      1      1      1      0      2      5    0.1
14         0      0      1      4      0      0      5    0.1
BFRR       0      0      2      1      2      0      5    0.1
36         0      1      1      1      1      0      4    0.1
19         0      0      1      3      0      0      4    0.1
02         0      0      0      4      0      0      4    0.1
UBA        0      1      1      0      0      1      3    0.1
ARRL       0      0      0      1      2      0      3    0.1
17         0      0      2      1      0      0      3    0.1
03         0      0      0      2      1      0      3    0.1
AFVL       0      0      1      1      0      1      3    0.1
EDR        0      1      2      0      0      0      3    0.1
60         0      0      1      2      0      0      3    0.1
ARI        0      1      2      0      0      0      3    0.1
57         0      0      0      0      1      1      2    0.0
ARAT       0      0      0      1      1      0      2    0.0
BARC       0      0      0      1      1      0      2    0.0
48         0      0      1      0      1      0      2    0.0
75         0      0      0      2      0      0      2    0.0
49         0      0      0      1      1      0      2    0.0
89         0      0      1      1      0      0      2    0.0
42         0      0      0      1      1      0      2    0.0
41         0      0      0      1      1      0      2    0.0
KFRR       0      0      0      1      1      0      2    0.0
IARU       0      0      1      1      0      0      2    0.0
ERAU       0      0      1      0      1      0      2    0.0
53         0      0      0      0      0      1      1    0.0
54         0      0      0      1      0      0      1    0.0
66         0      0      0      0      0      1      1    0.0
NARL       0      0      0      0      0      1      1    0.0
10         0      0      0      1      0      0      1    0.0
61         0      0      0      1      0      0      1    0.0
AC         0      0      1      0      0      0      1    0.0
50         0      0      1      0      0      0      1    0.0
RCP        0      0      0      1      0      0      1    0.0
46         0      1      0      0      0      0      1    0.0
FRA        0      0      1      0      0      0      1    0.0
33         0      0      0      0      1      0      1    0.0
20         0      0      0      1      0      0      1    0.0
ARM        0      0      0      1      0      0      1    0.0
RSM        0      0      0      0      1      0      1    0.0
PARA       0      0      0      0      1      0      1    0.0
58         0      0      0      0      1      0      1    0.0
------------------------------------------------------
Total      0    608   1244   1643   1212    447   5154

Multi-band QSOs
---------------
1 bands    1225
2 bands     561
3 bands     330
4 bands     200
5 bands     109
6 bands       0

------- S i n g l e   B a n d   Q S O s ------
Band    160     80     40     20     15     10
----------------------------------------------
QSOs      0     88    295    531    246     65
