Cabrillo Statistics           (Version 10g)           by K5KA & N6TV
http://bit.ly/cabstat

CONTEST: IARU-HF
CALLSIGN: MB4V
CATEGORY-OPERATOR: MULTI-OP
CATEGORY-TRANSMITTER: TWO
OPERATORS: M/KO8SCA

**  0  ****** Q S O   R a t e   S u m m a r y **************

Hour     160     80     40     20     15     10  Total    Pct
-------------------------------------------------------------
1200       0      0      0      0     60     70    130    5.6
1300       0      0      0      0     59     22     81    9.0
1400       0      0      0      0     78     30    108   13.6
1500       0      0      0     45      0     65    110   18.3
1600       0      0      0     74      0     31    105   22.8
1700       0      0      0      0    158      6    164   29.9
1800       0      0      0      0    155      0    155   36.5
1900       0      0      0      0    119      0    119   41.6
2000       0      0     74      0     33     11    118   46.6
2100       0      0    174      0      0      0    174   54.1
2200       0     19     93      4      0      0    116   59.0
2300       0     65     29      0      2      0     96   63.1
0000       0     53      0     13      3      0     69   66.1
0100       0      3      0     67      0      0     70   69.1
0200       0      0     30     47      0      0     77   72.4
0300       0      0     59      6      0      0     65   75.1
0400       0      0     86      0      0      0     86   78.8
0500       0      0     36      0     19      0     55   81.2
0600       0      0     73      0      0      0     73   84.3
0700       0      0     23     97      0      7    127   89.7
0800       0      0      1     38      0     29     68   92.6
0900       0      0     17      0     40      0     57   95.1
1000       0      0      0     49     22      0     71   98.1
1100       0      0      0     41      0      3     44  100.0
------------------------------------------------------
Total      0    140    695    481    748    274   2338


**  1  ****** Q S O   R a t e   S u m m a r y **************

Hour     160     80     40     20     15     10  Total    Pct
-------------------------------------------------------------
1200       0      0      0    153      0      0    153    6.8
1300       0      0      0    141      0      0    141   13.1
1400       0      0      0    114      0      0    114   18.2
1500       0      0    136      1      0      0    137   24.3
1600       0      0    132      0      0      0    132   30.2
1700       0      0      9    109      0      0    118   35.5
1800       0      0      0    119      0      0    119   40.8
1900       0      0      0     95      0      0     95   45.1
2000       0     72      0     49      0      0    121   50.5
2100       0    143      0      0      0      0    143   56.9
2200       0     79      0     26      0      0    105   61.5
2300       0      0      0     87      0      0     87   65.4
0000       0      0    104      9      0      0    113   70.5
0100       0      0    120      0      0      0    120   75.8
0200       0     61     15      0      0      0     76   79.2
0300       0     18      0     17      1      0     36   80.8
0400       0      7      0     21      0      0     28   82.1
0500       0      0      0     42      0      0     42   84.0
0600       0      0      0     71      0      0     71   87.1
0700       0      0      0      0     38      2     40   88.9
0800       0      0      0      0     89      0     89   92.9
0900       0      0      0     41     35      0     76   96.3
1000       0      0      0     29      9     11     49   98.5
1100       0      0      9      0     25      0     34  100.0
------------------------------------------------------
Total      0    380    525   1124    197     13   2239


-------------- Q S O   R a t e   S u m m a r y ---------------------
Hour     160     80     40     20     15     10    Rate Total    Pct
--------------------------------------------------------------------
1200       0      0      0    153     60     70    283    283    6.2
1300       0      0      0    141     59     22    222    505   11.0
1400       0      0      0    114     78     30    222    727   15.9
1500       0      0    136     46      0     65    247    974   21.3
1600       0      0    132     74      0     31    237   1211   26.5
1700       0      0      9    109    158      6    282   1493   32.6
1800       0      0      0    119    155      0    274   1767   38.6
1900       0      0      0     95    119      0    214   1981   43.3
2000       0     72     74     49     33     11    239   2220   48.5
2100       0    143    174      0      0      0    317   2537   55.4
2200       0     98     93     30      0      0    221   2758   60.3
2300       0     65     29     87      2      0    183   2941   64.3
0000       0     53    104     22      3      0    182   3123   68.2
0100       0      3    120     67      0      0    190   3313   72.4
0200       0     61     45     47      0      0    153   3466   75.7
0300       0     18     59     23      1      0    101   3567   77.9
0400       0      7     86     21      0      0    114   3681   80.4
0500       0      0     36     42     19      0     97   3778   82.5
0600       0      0     73     71      0      0    144   3922   85.7
0700       0      0     23     97     38      9    167   4089   89.3
0800       0      0      1     38     89     29    157   4246   92.8
0900       0      0     17     41     75      0    133   4379   95.7
1000       0      0      0     78     31     11    120   4499   98.3
1100       0      0      9     41     25      3     78   4577  100.0
------------------------------------------------------
Total      0    520   1220   1605    945    287   4577

Gross QSOs=4657        Dupes=80        Net QSOs=4577

Unique callsigns worked = 2303

The best 60 minute rate was 325/hour from 2046 to 2145
The best 30 minute rate was 362/hour from 2047 to 2116
The best 10 minute rate was 384/hour from 2105 to 2114

The best 1 minute rates were:
10 QSOs/minute    1 times.
 9 QSOs/minute    3 times.
 8 QSOs/minute   15 times.
 7 QSOs/minute   52 times.
 6 QSOs/minute   97 times.
 5 QSOs/minute  204 times.
 4 QSOs/minute  227 times.
 3 QSOs/minute  296 times.
 2 QSOs/minute  224 times.
 1 QSOs/minute  210 times.

Number of letters in callsigns
Letters  # worked
-----------------
   3        33
   4      1789
   5      1788
   6       918
   7        24
   8        16
   9         6
  10         3

------------ M u l t i p l i e r   S u m m a r y ------------
Mult     160     80     40     20     15     10  Total    Pct
-------------------------------------------------------------
28         0    232    506    620    398    158   1914   41.8
08         0      9    197    298    196      0    700   15.3
29         0     63    128    258     80     21    550   12.0
27         0    125    190     87     77     53    532   11.6
18         0     33     51     53     12      6    155    3.4
07         0      0     15     59     41      0    115    2.5
30         0      9     24     43     19      5    100    2.2
06         0      0      1     32     20      0     53    1.2
37         0      4     16     18      8      6     52    1.1
04         0      1     12     23     10      0     46    1.0
39         0      1      8      8      7      2     26    0.6
11         0      0      7     10      4      0     21    0.5
09         0      1      3     11      5      0     20    0.4
31         0      0      1      5      6      0     12    0.3
32         0      0      0      8      3      0     11    0.2
URE        0      2      2      2      2      2     10    0.2
FRR        0      2      2      2      2      2     10    0.2
PZK        0      2      2      2      2      2     10    0.2
HRS        0      2      2      2      2      2     10    0.2
R1         0      3      3      2      2      0     10    0.2
ZRS        0      2      2      2      2      2     10    0.2
OV         0      2      2      2      2      2     10    0.2
SRR        0      2      2      2      2      2     10    0.2
BFRA       0      1      2      2      2      2      9    0.2
SRS        0      1      2      2      2      2      9    0.2
MRASZ      0      2      2      2      1      2      9    0.2
DARC       0      2      2      0      2      2      8    0.2
15         0      0      3      2      2      1      8    0.2
RSGB       0      1      2      1      2      2      8    0.2
REF        0      2      2      1      1      1      7    0.2
ARABH      0      1      2      2      0      2      7    0.2
02         0      0      0      5      2      0      7    0.2
UBA        0      2      2      1      1      0      6    0.1
SRAL       0      1      2      1      1      1      6    0.1
BFRR       0      0      2      2      2      0      6    0.1
VERON      0      2      2      0      1      1      6    0.1
SSA        0      2      1      1      1      1      6    0.1
14         0      1      0      2      2      0      5    0.1
12         0      0      2      1      2      0      5    0.1
36         0      1      1      1      1      1      5    0.1
EDR        0      1      2      1      1      0      5    0.1
ERAU       0      0      2      0      1      1      4    0.1
ARI        0      1      2      0      1      0      4    0.1
USKA       0      2      0      1      0      1      4    0.1
19         0      0      1      3      0      0      4    0.1
49         0      0      0      2      2      0      4    0.1
17         0      0      0      2      1      0      3    0.1
10         0      0      0      1      2      0      3    0.1
42         0      0      0      2      1      0      3    0.1
44         0      0      0      1      2      0      3    0.1
RSM        0      1      1      1      0      0      3    0.1
45         0      0      0      2      1      0      3    0.1
60         0      0      1      2      0      0      3    0.1
03         0      0      0      1      1      0      2    0.0
75         0      0      0      2      0      0      2    0.0
41         0      0      0      2      0      0      2    0.0
IRTS       0      1      1      0      0      0      2    0.0
BARC       0      0      0      2      0      0      2    0.0
KFRR       0      0      0      1      1      0      2    0.0
RCA        0      0      0      0      0      1      1    0.0
20         0      0      0      1      0      0      1    0.0
IRA        0      0      1      0      0      0      1    0.0
66         0      0      0      0      0      1      1    0.0
48         0      0      0      1      0      0      1    0.0
AFVL       0      0      1      0      0      0      1    0.0
54         0      0      0      1      0      0      1    0.0
IARU       0      0      1      0      0      0      1    0.0
AC         0      0      1      0      0      0      1    0.0
57         0      0      0      1      0      0      1    0.0
FRA        0      0      1      0      0      0      1    0.0
WIA        0      0      0      0      1      0      1    0.0
58         0      0      0      0      1      0      1    0.0
43         0      0      0      0      1      0      1    0.0
50         0      0      0      0      1      0      1    0.0
------------------------------------------------------
Total      0    520   1220   1605    945    287   4577

Multi-band QSOs
---------------
1 bands    1237
2 bands     524
3 bands     330
4 bands     136
5 bands      76
6 bands       0

------- S i n g l e   B a n d   Q S O s ------
Band    160     80     40     20     15     10
----------------------------------------------
QSOs      0     76    330    585    205     41
