Cabrillo Statistics           (Version 10g)           by K5KA & N6TV
http://bit.ly/cabstat

CONTEST: IARU-HF
CALLSIGN: MB4W
CATEGORY-OPERATOR: MULTI-OP
CATEGORY-TRANSMITTER: TWO
OPERATORS: IK2PFL IK2JUB

**  1  ****** Q S O   R a t e   S u m m a r y **************

Hour     160     80     40     20     15     10  Total    Pct
-------------------------------------------------------------
1200       0      0      0    175      0      0    175    7.6
1300       0      0      0    143      0      0    143   13.7
1400       0      0      0    129      0      0    129   19.3
1500       0      0      0    105      0      0    105   23.8
1600       0      0      0    116      0      0    116   28.8
1700       0      0      0    145      0      0    145   35.1
1800       0      0      0     41     83      0    124   40.4
1900       0      0      0      0    138      0    138   46.4
2000       0      0    133      0      9      0    142   52.5
2100       0      0    158      7      0      0    165   59.6
2200       0      0      0    120      0      0    120   64.8
2300       0      0      0     97      0      0     97   69.0
0000       0      7      0     92      0      0     99   73.3
0100       0     84      0      0      0      0     84   76.9
0200       0     37      0     13      0      0     50   79.1
0300       0      0      0     28      0      0     28   80.3
0400       0      0      0     30      3      1     34   81.7
0500       0      0      0     42      4      0     46   83.7
0600       0      0      0     48      7      3     58   86.2
0700       0      0     11      0     35      0     46   88.2
0800       0      0      0      9     15     25     49   90.3
0900       0      0      0     54     13      0     67   93.2
1000       0      0      0     17     74      0     91   97.2
1100       0      0      0      0     66      0     66  100.0
------------------------------------------------------
Total      0    128    302   1411    447     29   2317


**  0  ****** Q S O   R a t e   S u m m a r y **************

Hour     160     80     40     20     15     10  Total    Pct
-------------------------------------------------------------
1200       0      0      0      0    159      0    159    6.1
1300       0      0     43      0     24     29     96    9.8
1400       0      0     48      0     50      1     99   13.5
1500       0      0      0      0     51     74    125   18.3
1600       0      0    112      0      2     19    133   23.4
1700       0      0      0      0     52     91    143   28.9
1800       0      0      0      0      1     97     98   32.6
1900       0      3      0     93      0     17    113   37.0
2000       0     21      0    107      0      4    132   42.0
2100       0    119      0      9     21      1    150   47.7
2200       0     29    109      0     11      1    150   53.5
2300       0     42     83      0      0      0    125   58.3
0000       0     77     54      0      0      0    131   63.3
0100       0      0    136      0      0      0    136   68.5
0200       0      0     90      0      0      0     90   71.9
0300       0      0     57      0      3      0     60   74.2
0400       0      0     61      0      1      0     62   76.6
0500       0      0     55      0      4      0     59   78.8
0600       0      0     45      0     24      0     69   81.5
0700       0      0     62     60      0      8    130   86.5
0800       0      0      1     85     27      1    114   90.8
0900       0      0      0      0      0    106    106   94.9
1000       0      0      0      0      0     65     65   97.4
1100       0      0     11     50      0      8     69  100.0
------------------------------------------------------
Total      0    291    967    404    430    522   2614


-------------- Q S O   R a t e   S u m m a r y ---------------------
Hour     160     80     40     20     15     10    Rate Total    Pct
--------------------------------------------------------------------
1200       0      0      0    175    159      0    334    334    6.8
1300       0      0     43    143     24     29    239    573   11.6
1400       0      0     48    129     50      1    228    801   16.2
1500       0      0      0    105     51     74    230   1031   20.9
1600       0      0    112    116      2     19    249   1280   26.0
1700       0      0      0    145     52     91    288   1568   31.8
1800       0      0      0     41     84     97    222   1790   36.3
1900       0      3      0     93    138     17    251   2041   41.4
2000       0     21    133    107      9      4    274   2315   46.9
2100       0    119    158     16     21      1    315   2630   53.3
2200       0     29    109    120     11      1    270   2900   58.8
2300       0     42     83     97      0      0    222   3122   63.3
0000       0     84     54     92      0      0    230   3352   68.0
0100       0     84    136      0      0      0    220   3572   72.4
0200       0     37     90     13      0      0    140   3712   75.3
0300       0      0     57     28      3      0     88   3800   77.1
0400       0      0     61     30      4      1     96   3896   79.0
0500       0      0     55     42      8      0    105   4001   81.1
0600       0      0     45     48     31      3    127   4128   83.7
0700       0      0     73     60     35      8    176   4304   87.3
0800       0      0      1     94     42     26    163   4467   90.6
0900       0      0      0     54     13    106    173   4640   94.1
1000       0      0      0     17     74     65    156   4796   97.3
1100       0      0     11     50     66      8    135   4931  100.0
------------------------------------------------------
Total      0    419   1269   1815    877    551   4931

Gross QSOs=5096        Dupes=165        Net QSOs=4931

Unique callsigns worked = 2420

The best 60 minute rate was 355/hour from 2028 to 2127
The best 30 minute rate was 394/hour from 2054 to 2123
The best 10 minute rate was 456/hour from 1232 to 1241

The best 1 minute rates were:
11 QSOs/minute    3 times.
10 QSOs/minute    2 times.
 9 QSOs/minute   10 times.
 8 QSOs/minute   36 times.
 7 QSOs/minute   63 times.
 6 QSOs/minute  130 times.
 5 QSOs/minute  182 times.
 4 QSOs/minute  200 times.
 3 QSOs/minute  284 times.
 2 QSOs/minute  262 times.
 1 QSOs/minute  193 times.

Number of letters in callsigns
Letters  # worked
-----------------
   3        35
   4      1984
   5      1832
   6      1031
   7        16
   8        19
   9         8
  10         5

------------ M u l t i p l i e r   S u m m a r y ------------
Mult     160     80     40     20     15     10  Total    Pct
-------------------------------------------------------------
28         0    160    516    718    369    363   2126   43.1
08         0     30    221    315    154      0    720   14.6
29         0     53    149    270     86     39    597   12.1
27         0    105    186    136     72     86    585   11.9
18         0     20     47     60     17      2    146    3.0
07         0      0     12     63     36      0    111    2.3
30         0      5     33     45     22      1    106    2.1
04         0      2     15     28     11      0     56    1.1
06         0      0      0     32     19      0     51    1.0
37         0      2     11     17     10      8     48    1.0
39         0      3      4     11      9      5     32    0.6
11         0      0      9      6      9      5     29    0.6
09         0      2      7      8      3      0     20    0.4
32         0      0      1      9      6      0     16    0.3
31         0      0      1      7      6      0     14    0.3
PZK        0      2      2      2      2      2     10    0.2
ZRS        0      2      2      2      2      2     10    0.2
SRS        0      2      2      2      2      2     10    0.2
HRS        0      2      2      2      1      2      9    0.2
FRR        0      2      2      2      1      2      9    0.2
R1         0      0      3      2      2      2      9    0.2
45         0      0      0      7      2      0      9    0.2
MRASZ      0      1      2      2      1      2      8    0.2
URE        0      2      1      2      1      2      8    0.2
BFRA       0      1      2      2      2      1      8    0.2
SSA        0      2      2      2      1      1      8    0.2
DARC       0      2      2      1      2      1      8    0.2
SRR        0      1      2      2      1      2      8    0.2
15         0      0      4      1      1      2      8    0.2
RSGB       0      1      2      2      1      1      7    0.1
USKA       0      2      1      2      0      2      7    0.1
17         0      1      2      3      1      0      7    0.1
OV         0      1      1      2      1      2      7    0.1
02         0      0      0      5      2      0      7    0.1
14         0      0      0      2      2      3      7    0.1
12         0      0      3      4      0      0      7    0.1
ARABH      0      2      1      2      0      1      6    0.1
BFRR       0      1      2      1      1      1      6    0.1
44         0      0      0      3      2      0      5    0.1
19         0      0      2      2      0      1      5    0.1
ARI        0      1      1      1      1      1      5    0.1
REF        0      1      2      1      0      1      5    0.1
EDR        0      1      2      1      0      0      4    0.1
SRAL       0      1      1      2      0      0      4    0.1
VERON      0      2      1      0      0      1      4    0.1
ARAT       0      0      0      2      1      0      3    0.1
UBA        0      1      1      0      0      1      3    0.1
ARRL       0      0      0      1      2      0      3    0.1
IARU       0      0      1      1      1      0      3    0.1
36         0      1      0      1      1      0      3    0.1
49         0      0      0      1      2      0      3    0.1
60         0      0      1      2      0      0      3    0.1
57         0      0      0      1      1      0      2    0.0
RCA        0      0      0      0      0      2      2    0.0
48         0      0      0      1      1      0      2    0.0
41         0      0      0      1      1      0      2    0.0
58         0      0      0      1      1      0      2    0.0
BARC       0      0      0      1      1      0      2    0.0
IRTS       0      0      1      1      0      0      2    0.0
RSM        0      0      0      2      0      0      2    0.0
ERAU       0      1      0      1      0      0      2    0.0
RCCR       0      0      0      1      0      1      2    0.0
42         0      0      0      1      1      0      2    0.0
IRA        0      1      1      0      0      0      2    0.0
ROARS      0      0      0      0      1      1      2    0.0
KFRR       0      0      0      1      1      0      2    0.0
UARL       0      0      0      1      0      0      1    0.0
MARP       0      0      0      1      0      0      1    0.0
0A         0      0      1      0      0      0      1    0.0
03         0      0      0      1      0      0      1    0.0
75         0      0      0      1      0      0      1    0.0
61         0      0      0      0      1      0      1    0.0
54         0      0      1      0      0      0      1    0.0
13         0      0      1      0      0      0      1    0.0
59         0      0      0      1      0      0      1    0.0
20         0      0      0      1      0      0      1    0.0
------------------------------------------------------
Total      0    419   1269   1815    877    551   4931

Multi-band QSOs
---------------
1 bands    1273
2 bands     545
3 bands     307
4 bands     173
5 bands     122
6 bands       0

------- S i n g l e   B a n d   Q S O s ------
Band    160     80     40     20     15     10
----------------------------------------------
QSOs      0     42    313    679    146     93
