Cabrillo Statistics           (Version 10g)           by K5KA & N6TV
http://bit.ly/cabstat

CONTEST: IARU-HF
CALLSIGN: MB4X
CATEGORY-OPERATOR: MULTI-OP
CATEGORY-TRANSMITTER: TWO
OPERATORS: W7WLW N4ML

**  0  ****** Q S O   R a t e   S u m m a r y **************

Hour     160     80     40     20     15     10  Total    Pct
-------------------------------------------------------------
1200       0      0      0    137      0      0    137    5.9
1300       0      0      0    113      0      0    113   10.7
1400       0      0      0    143      0      0    143   16.9
1500       0      0      0    123      0      0    123   22.1
1600       0      0      0    159      0      0    159   29.0
1700       0      0      0    122      0      0    122   34.2
1800       0      0      0     88      0      0     88   38.0
1900       0      0      0    119      0      0    119   43.1
2000       0      0     79     30      0      0    109   47.7
2100       0      0    135      0      0      0    135   53.5
2200       0      0    114      0      0      0    114   58.4
2300       0      0     89      0      0      0     89   62.2
0000       0      0    103      0      0      0    103   66.7
0100       0     70     24      0      0      0     94   70.7
0200       0     64      6      0      0      0     70   73.7
0300       0      0     72      0      0      0     72   76.8
0400       0      0     48     13      6      0     67   79.7
0500       0      0      0     34      1      0     35   81.2
0600       0      0      0     34     21      0     55   83.5
0700       0      0      0     97      4      5    106   88.1
0800       0      0      0     76      0      0     76   91.3
0900       0      0      0     41      0     46     87   95.1
1000       0      0      0      0      0     57     57   97.5
1100       0      0      0      0     54      4     58  100.0
------------------------------------------------------
Total      0    134    670   1329     86    112   2331


**  1  ****** Q S O   R a t e   S u m m a r y **************

Hour     160     80     40     20     15     10  Total    Pct
-------------------------------------------------------------
1200       0      0      0      0    111      0    111    5.0
1300       0      0      0      0     66      9     75    8.3
1400       0      0      0      0     60     65    125   13.9
1500       0      0      0      0     40     86    126   19.5
1600       0      0      0      0     45     32     77   22.9
1700       0      0     32      0     63      0     95   27.2
1800       0      0     92      0      0     33    125   32.8
1900       0      0      0      0     92     52    144   39.2
2000       0      0      0     15     92      0    107   44.0
2100       0     39      0     54     12      0    105   48.7
2200       0     98      0     14      0      0    112   53.7
2300       0      2      0     92      0      0     94   57.9
0000       0      0      0    147      0      0    147   64.4
0100       0      0     67     27      0      0     94   68.6
0200       0      0     61     30      0      0     91   72.7
0300       0     50      0      3      0      0     53   75.0
0400       0     16      5     21      0      0     42   76.9
0500       0      0     22      0      5      2     29   78.2
0600       0      0     92      2      0      0     94   82.4
0700       0      0      4      2     40      1     47   84.5
0800       0      0      0      0     42     46     88   88.4
0900       0      0      0      1     56     18     75   91.8
1000       0      0      0     38     49      0     87   95.7
1100       0      0      0     96      0      0     96  100.0
------------------------------------------------------
Total      0    205    375    543    773    344   2240


-------------- Q S O   R a t e   S u m m a r y ---------------------
Hour     160     80     40     20     15     10    Rate Total    Pct
--------------------------------------------------------------------
1200       0      0      0    137    111      0    248    248    5.4
1300       0      0      0    113     66      9    188    436    9.5
1400       0      0      0    143     60     65    268    704   15.4
1500       0      0      0    123     40     86    249    953   20.8
1600       0      0      0    159     45     32    236   1189   26.0
1700       0      0     32    122     63      0    217   1406   30.8
1800       0      0     92     88      0     33    213   1619   35.4
1900       0      0      0    119     92     52    263   1882   41.2
2000       0      0     79     45     92      0    216   2098   45.9
2100       0     39    135     54     12      0    240   2338   51.1
2200       0     98    114     14      0      0    226   2564   56.1
2300       0      2     89     92      0      0    183   2747   60.1
0000       0      0    103    147      0      0    250   2997   65.6
0100       0     70     91     27      0      0    188   3185   69.7
0200       0     64     67     30      0      0    161   3346   73.2
0300       0     50     72      3      0      0    125   3471   75.9
0400       0     16     53     34      6      0    109   3580   78.3
0500       0      0     22     34      6      2     64   3644   79.7
0600       0      0     92     36     21      0    149   3793   83.0
0700       0      0      4     99     44      6    153   3946   86.3
0800       0      0      0     76     42     46    164   4110   89.9
0900       0      0      0     42     56     64    162   4272   93.5
1000       0      0      0     38     49     57    144   4416   96.6
1100       0      0      0     96     54      4    154   4570  100.0
------------------------------------------------------
Total      0    339   1045   1872    859    456   4571

Gross QSOs=4606        Dupes=35        Net QSOs=4571

Unique callsigns worked = 2414

The best 60 minute rate was 280/hour from 1409 to 1508
The best 30 minute rate was 304/hour from 2359 to 0028
The best 10 minute rate was 420/hour from 0002 to 0011

The best 1 minute rates were:
 9 QSOs/minute    3 times.
 8 QSOs/minute   11 times.
 7 QSOs/minute   27 times.
 6 QSOs/minute  106 times.
 5 QSOs/minute  189 times.
 4 QSOs/minute  271 times.
 3 QSOs/minute  304 times.
 2 QSOs/minute  256 times.
 1 QSOs/minute  177 times.

Number of letters in callsigns
Letters  # worked
-----------------
   3        36
   4      1746
   5      1767
   6       974
   7        23
   8        14
   9         5
  10         5

------------ M u l t i p l i e r   S u m m a r y ------------
Mult     160     80     40     20     15     10  Total    Pct
-------------------------------------------------------------
28         0    140    443    779    377    312   2051   44.9
08         0     20    181    341    163      3    708   15.5
29         0     33    128    284     81     26    552   12.1
27         0     88    117    112     60     62    439    9.6
18         0     19     40     52     15      2    128    2.8
30         0      3     23     47     23      1     97    2.1
07         0      0     12     58     26      0     96    2.1
37         0      3     15     23     11      8     60    1.3
04         0      1      9     26     16      0     52    1.1
39         0      1      8     13      9      5     36    0.8
09         0      1      9     15      4      0     29    0.6
06         0      0      0     20      6      0     26    0.6
11         0      0      5      9      2      0     16    0.4
31         0      0      1      8      4      0     13    0.3
URE        0      2      2      3      2      2     11    0.2
32         0      0      1      6      4      0     11    0.2
ZRS        0      2      2      2      2      2     10    0.2
PZK        0      2      2      2      2      2     10    0.2
SRS        0      1      1      2      2      3      9    0.2
DARC       0      2      2      1      2      2      9    0.2
15         0      0      3      2      2      1      8    0.2
BFRA       0      1      2      2      1      2      8    0.2
R1         0      0      3      2      2      1      8    0.2
FRR        0      1      2      2      1      2      8    0.2
SRR        0      1      2      2      1      1      7    0.2
14         0      0      3      3      1      0      7    0.2
HRS        0      1      1      2      1      2      7    0.2
USKA       0      2      1      2      1      1      7    0.2
OV         0      1      1      1      2      2      7    0.2
RSGB       0      2      1      1      2      1      7    0.2
MRASZ      0      0      1      1      2      2      6    0.1
ARABH      0      0      1      1      2      2      6    0.1
REF        0      2      1      1      1      1      6    0.1
02         0      0      1      5      0      0      6    0.1
19         0      0      2      4      0      0      6    0.1
SSA        0      0      2      2      1      0      5    0.1
BFRR       0      1      1      1      1      1      5    0.1
54         0      0      2      3      0      0      5    0.1
UBA        0      2      1      0      1      1      5    0.1
ARI        0      1      2      1      1      0      5    0.1
44         0      0      0      3      1      0      4    0.1
SRAL       0      1      1      0      1      1      4    0.1
12         0      0      0      2      2      0      4    0.1
36         0      1      1      1      1      0      4    0.1
41         0      0      1      2      1      0      4    0.1
49         0      0      0      2      2      0      4    0.1
EDR        0      0      2      1      1      0      4    0.1
VERON      0      1      1      0      1      1      4    0.1
03         0      1      0      1      1      0      3    0.1
17         0      0      1      1      0      1      3    0.1
42         0      0      0      2      1      0      3    0.1
HRH        0      1      0      0      1      0      2    0.0
ERAU       0      0      0      1      0      1      2    0.0
01         0      0      0      1      0      1      2    0.0
RSM        0      0      1      1      0      0      2    0.0
50         0      0      0      1      1      0      2    0.0
ROARS      0      0      0      1      1      0      2    0.0
BARC       0      0      0      1      1      0      2    0.0
45         0      0      0      1      1      0      2    0.0
ARRL       0      0      0      2      0      0      2    0.0
89         0      0      1      1      0      0      2    0.0
IRA        0      0      1      0      1      0      2    0.0
EI         0      0      0      0      0      1      1    0.0
SHRAK      0      0      0      1      0      0      1    0.0
LCRA       0      0      0      0      1      0      1    0.0
75         0      0      0      1      0      0      1    0.0
16         0      0      0      0      1      0      1    0.0
RCA        0      0      0      0      1      0      1    0.0
05         0      0      0      1      0      0      1    0.0
SNA        0      1      0      0      0      0      1    0.0
IARU       0      0      1      0      0      0      1    0.0
RAL        0      0      0      1      0      0      1    0.0
KFRR       0      0      0      0      1      0      1    0.0
NARL       0      0      0      0      1      0      1    0.0
SARS       0      0      0      1      0      0      1    0.0
53         0      0      0      1      0      0      1    0.0
58         0      0      0      0      1      0      1    0.0
57         0      0      0      0      1      0      1    0.0
------------------------------------------------------
Total      0    339   1045   1872    859    456   4571

Multi-band QSOs
---------------
1 bands    1421
2 bands     504
3 bands     278
4 bands     150
5 bands      61
6 bands       0

------- S i n g l e   B a n d   Q S O s ------
Band    160     80     40     20     15     10
----------------------------------------------
QSOs      0     39    266    838    178    100
