Cabrillo Statistics           (Version 10g)           by K5KA & N6TV
http://bit.ly/cabstat

CONTEST: IARU-HF
CALLSIGN: MB4Z
CATEGORY-OPERATOR: MULTI-OP
CATEGORY-TRANSMITTER: TWO
OPERATORS: EA8RM, EA2W

**  1  ****** Q S O   R a t e   S u m m a r y **************

Hour     160     80     40     20     15     10  Total    Pct
-------------------------------------------------------------
1200       0      0      0      0    168     31    199    7.5
1300       0      0      0      0    106     23    129   12.3
1400       0      0     88      0     64     15    167   18.6
1500       0      0      0     66     61      0    127   23.4
1600       0      0     65    131      0      0    196   30.7
1700       0      0     61      0     84      0    145   36.2
1800       0      0      0     14    112      0    126   40.9
1900       0      0     66      0     70      0    136   46.0
2000       0      0    104     17      0      0    121   50.5
2100       0      0     96      0     37      0    133   55.5
2200       0     84     54      0      0      0    138   60.7
2300       0     35     79      0      0      0    114   65.0
0000       0     38     59     16      0      0    113   69.2
0100       0     81      0      2      0      0     83   72.4
0200       0     28      0     38      0      0     66   74.8
0300       0      8     25     17      0      0     50   76.7
0400       0      1      0     36      4      0     41   78.3
0500       0      1     13     41      5      0     60   80.5
0600       0      0     98      0      2      0    100   84.3
0700       0      0     52      0     28      3     83   87.4
0800       0      0      0      0     74     15     89   90.7
0900       0      0      0      0     13    124    137   95.9
1000       0      0      0      0     32     22     54   97.9
1100       0      1      0      0     42     13     56  100.0
------------------------------------------------------
Total      0    277    860    378    902    246   2663


**  0  ****** Q S O   R a t e   S u m m a r y **************

Hour     160     80     40     20     15     10  Total    Pct
-------------------------------------------------------------
1200       0      0      0    194      0      0    194    6.6
1300       0      0      0    185      0      0    185   13.0
1400       0      0      0    153      0      0    153   18.2
1500       0      1     67      0     32      0    100   21.7
1600       0      0      0      0    106     21    127   26.0
1700       0      0      0     80      4     27    111   29.8
1800       0      0     88     69      0      0    157   35.2
1900       0     11      0    131      0      0    142   40.0
2000       0    118      0     22      0      4    144   45.0
2100       0     61      0     73      0      0    134   49.6
2200       0      2      4     70      4      0     80   52.3
2300       0      0      0    160      0      0    160   57.8
0000       0      0     44     63      0      0    107   61.5
0100       0      0    104      0      0      0    104   65.0
0200       0      0    108      0      0      0    108   68.7
0300       0     45     19      0      0      0     64   70.9
0400       0      0     75      0      0      0     75   73.5
0500       0      0     84      4      3      0     91   76.6
0600       0      0      0     75      5      0     80   79.3
0700       0      0      0    111      0      0    111   83.1
0800       0      0      0    100     22      0    122   87.3
0900       0      0      0     69     45      0    114   91.2
1000       0      0      0     87     22      0    109   95.0
1100       0      0      0    147      0      0    147  100.0
------------------------------------------------------
Total      0    238    593   1793    243     52   2919


-------------- Q S O   R a t e   S u m m a r y ---------------------
Hour     160     80     40     20     15     10    Rate Total    Pct
--------------------------------------------------------------------
1200       0      0      0    194    168     31    393    393    7.0
1300       0      0      0    185    106     23    314    707   12.7
1400       0      0     88    153     64     15    320   1027   18.4
1500       0      1     67     66     93      0    227   1254   22.5
1600       0      0     65    131    106     21    323   1577   28.3
1700       0      0     61     80     88     27    256   1833   32.8
1800       0      0     88     83    112      0    283   2116   37.9
1900       0     11     66    131     70      0    278   2394   42.9
2000       0    118    104     39      0      4    265   2659   47.6
2100       0     61     96     73     37      0    267   2926   52.4
2200       0     86     58     70      4      0    218   3144   56.3
2300       0     35     79    160      0      0    274   3418   61.2
0000       0     38    103     79      0      0    220   3638   65.2
0100       0     81    104      2      0      0    187   3825   68.5
0200       0     28    108     38      0      0    174   3999   71.6
0300       0     53     44     17      0      0    114   4113   73.7
0400       0      1     75     36      4      0    116   4229   75.8
0500       0      1     97     45      8      0    151   4380   78.5
0600       0      0     98     75      7      0    180   4560   81.7
0700       0      0     52    111     28      3    194   4754   85.2
0800       0      0      0    100     96     15    211   4965   88.9
0900       0      0      0     69     58    124    251   5216   93.4
1000       0      0      0     87     54     22    163   5379   96.4
1100       0      1      0    147     42     13    203   5582  100.0
------------------------------------------------------
Total      0    515   1453   2171   1145    298   5582

Gross QSOs=5804        Dupes=222        Net QSOs=5582

Unique callsigns worked = 2702

The best 60 minute rate was 402/hour from 1207 to 1306
The best 30 minute rate was 430/hour from 1207 to 1236
The best 10 minute rate was 468/hour from 1207 to 1216

The best 1 minute rates were:
11 QSOs/minute    2 times.
10 QSOs/minute    6 times.
 9 QSOs/minute   15 times.
 8 QSOs/minute   48 times.
 7 QSOs/minute   84 times.
 6 QSOs/minute  149 times.
 5 QSOs/minute  228 times.
 4 QSOs/minute  259 times.
 3 QSOs/minute  250 times.
 2 QSOs/minute  225 times.
 1 QSOs/minute  123 times.

Number of letters in callsigns
Letters  # worked
-----------------
   3        34
   4      2151
   5      2118
   6      1221
   7        25
   8        18
   9         9
  10         5

------------ M u l t i p l i e r   S u m m a r y ------------
Mult     160     80     40     20     15     10  Total    Pct
-------------------------------------------------------------
28         0    229    624    894    507    200   2454   44.0
08         0     25    254    382    211      1    873   15.6
29         0     67    163    324    112     24    690   12.4
27         0    126    182    135     70     38    551    9.9
18         0     19     54     72     26      3    174    3.1
07         0      0     20     61     49      0    130    2.3
30         0      8     29     59     26      1    123    2.2
04         0      1     18     33     14      0     66    1.2
37         0      4     17     29     12      2     64    1.1
06         0      0      1     33     30      0     64    1.1
39         0      1      8     18      9      4     40    0.7
09         0      1      8     13      3      0     25    0.4
11         0      0      7     10      6      1     24    0.4
31         0      0      1      9      7      0     17    0.3
15         0      0      5      4      2      0     11    0.2
32         0      0      2      7      2      0     11    0.2
ZRS        0      2      2      2      2      2     10    0.2
PZK        0      2      2      2      2      2     10    0.2
SRS        0      2      2      2      2      2     10    0.2
HRS        0      1      2      2      2      2      9    0.2
R1         0      1      4      2      2      0      9    0.2
OV         0      1      2      2      2      2      9    0.2
FRR        0      1      1      2      2      2      8    0.1
BFRA       0      1      2      2      2      1      8    0.1
SRR        0      1      2      3      2      0      8    0.1
12         0      0      2      5      1      0      8    0.1
URE        0      1      2      2      2      1      8    0.1
02         0      0      0      5      3      0      8    0.1
14         0      1      0      5      1      0      7    0.1
ARABH      0      1      1      2      1      2      7    0.1
REF        0      2      2      2      1      0      7    0.1
DARC       0      2      2      1      2      0      7    0.1
36         0      1      1      3      2      0      7    0.1
RSGB       0      1      1      1      2      1      6    0.1
SRAL       0      2      2      1      1      0      6    0.1
BFRR       0      0      2      2      1      1      6    0.1
SSA        0      1      2      2      1      0      6    0.1
USKA       0      2      0      1      1      2      6    0.1
44         0      0      0      2      3      0      5    0.1
MRASZ      0      1      2      1      1      0      5    0.1
ERAU       0      0      2      0      1      1      4    0.1
UBA        0      2      1      0      0      1      4    0.1
03         0      0      0      3      1      0      4    0.1
17         0      0      2      1      0      1      4    0.1
42         0      0      1      1      1      0      3    0.1
EDR        0      1      2      0      0      0      3    0.1
VERON      0      2      1      0      0      0      3    0.1
AFVL       0      0      1      1      0      1      3    0.1
BARC       0      0      0      2      1      0      3    0.1
10         0      0      1      1      1      0      3    0.1
49         0      0      0      1      2      0      3    0.1
58         0      0      2      0      1      0      3    0.1
19         0      0      1      2      0      0      3    0.1
IRA        0      1      0      1      1      0      3    0.1
ARI        0      1      1      1      0      0      3    0.1
60         0      0      1      2      0      0      3    0.1
57         0      0      0      0      2      0      2    0.0
45         0      0      0      0      2      0      2    0.0
MARP       0      0      1      1      0      0      2    0.0
20         0      0      0      2      0      0      2    0.0
48         0      0      1      1      0      0      2    0.0
75         0      0      0      2      0      0      2    0.0
ARRL       0      0      0      1      1      0      2    0.0
IARU       0      0      1      1      0      0      2    0.0
KFRR       0      0      0      1      1      0      2    0.0
SARS       0      0      0      1      1      0      2    0.0
ARAT       0      0      0      1      0      0      1    0.0
50         0      0      0      1      0      0      1    0.0
SHRAK      0      0      0      0      1      0      1    0.0
41         0      0      0      1      0      0      1    0.0
IRTS       0      0      1      0      0      0      1    0.0
RSM        0      0      0      1      0      0      1    0.0
59         0      0      0      1      0      0      1    0.0
AC         0      0      1      0      0      0      1    0.0
54         0      0      1      0      0      0      1    0.0
ROARS      0      0      0      1      0      0      1    0.0
ARM        0      0      0      1      0      0      1    0.0
53         0      0      0      1      0      0      1    0.0
LZ3        0      0      0      0      1      0      1    0.0
------------------------------------------------------
Total      0    515   1453   2171   1145    298   5582

Multi-band QSOs
---------------
1 bands    1416
2 bands     590
3 bands     393
4 bands     211
5 bands      92
6 bands       0

------- S i n g l e   B a n d   Q S O s ------
Band    160     80     40     20     15     10
----------------------------------------------
QSOs      0     48    334    788    220     26
