Cabrillo Statistics           (Version 10g)           by K5KA & N6TV
http://bit.ly/cabstat

CONTEST: IARU-HF
CALLSIGN: MB5C
CATEGORY-OPERATOR: MULTI-OP
CATEGORY-TRANSMITTER: TWO
OPERATORS: CT1ILT EC2DX

**  1  ****** Q S O   R a t e   S u m m a r y **************

Hour     160     80     40     20     15     10  Total    Pct
-------------------------------------------------------------
1200       0      0      0      0     19    115    134    5.8
1300       0      0      0      0     98      7    105   10.4
1400       0      0      0     42     56      3    101   14.8
1500       0      0      0     94      0     15    109   19.5
1600       0      0     15      0     77      1     93   23.5
1700       0      0      0      1    144      0    145   29.8
1800       0      0      0      0    146      0    146   36.2
1900       0      2     45     10     44      0    101   40.5
2000       0      0     66     20     41      0    127   46.1
2100       0      0      0    157      0      0    157   52.9
2200       0     81      0     26      5      0    112   57.7
2300       0    133      0      0      0      0    133   63.5
0000       0     53      0     73      0      0    126   69.0
0100       0      0     49     32      0      0     81   72.5
0200       0     36     25      6      0      0     67   75.4
0300       0     14     56      4      2      0     76   78.7
0400       0      0     14     16      0      0     30   80.0
0500       0      0     28      6      3      0     37   81.6
0600       0      0      0      0     34      0     34   83.1
0700       0      0      0     70      8      3     81   86.6
0800       0      0      0     45     42     25    112   91.4
0900       0      0      0     39      0     47     86   95.2
1000       0      0      0     37      5     22     64   98.0
1100       0      0      0      0     43      4     47  100.0
------------------------------------------------------
Total      0    319    298    678    767    242   2304


**  0  ****** Q S O   R a t e   S u m m a r y **************

Hour     160     80     40     20     15     10  Total    Pct
-------------------------------------------------------------
1200       0      0      0    206      0      0    206    7.1
1300       0      0      0    130      0      0    130   11.5
1400       0      0      0     28    134     15    177   17.6
1500       0      0      0      0    107      7    114   21.5
1600       0      0    125      2      0     24    151   26.7
1700       0      0      0      0      0    108    108   30.4
1800       0      0      0    145      0     16    161   35.9
1900       0      0     74     97      0      5    176   41.9
2000       0     77     49      0     22     10    158   47.3
2100       0     15    102      0     28      0    145   52.3
2200       0     14     54     81      0      0    149   57.4
2300       0      0     42     68      0      0    110   61.2
0000       0     20    131      0      0      0    151   66.3
0100       0     69      1     33      0      0    103   69.9
0200       0      0     43     24      0      0     67   72.2
0300       0     17     28     14      0      0     59   74.2
0400       0     22     68     12      0      0    102   77.7
0500       0      0     11     56     11      0     78   80.4
0600       0      0     48     30      0      0     78   83.0
0700       0      0     11     26     27      3     67   85.3
0800       0      0      8      0     53     28     89   88.4
0900       0      0      0     23     83      5    111   92.2
1000       0      0      0     57     61      6    124   96.4
1100       0      0      0    100      0      4    104  100.0
------------------------------------------------------
Total      0    234    795   1132    526    231   2918


-------------- Q S O   R a t e   S u m m a r y ---------------------
Hour     160     80     40     20     15     10    Rate Total    Pct
--------------------------------------------------------------------
1200       0      0      0    206     19    115    340    340    6.5
1300       0      0      0    130     98      7    235    575   11.0
1400       0      0      0     70    190     18    278    853   16.3
1500       0      0      0     94    107     22    223   1076   20.6
1600       0      0    140      2     77     25    244   1320   25.3
1700       0      0      0      1    144    108    253   1573   30.1
1800       0      0      0    145    146     16    307   1880   36.0
1900       0      2    119    107     44      5    277   2157   41.3
2000       0     77    115     20     63     10    285   2442   46.8
2100       0     15    102    157     28      0    302   2744   52.5
2200       0     95     54    107      5      0    261   3005   57.5
2300       0    133     42     68      0      0    243   3248   62.2
0000       0     73    131     73      0      0    277   3525   67.5
0100       0     69     50     65      0      0    184   3709   71.0
0200       0     36     68     30      0      0    134   3843   73.6
0300       0     31     84     18      2      0    135   3978   76.2
0400       0     22     82     28      0      0    132   4110   78.7
0500       0      0     39     62     14      0    115   4225   80.9
0600       0      0     48     30     34      0    112   4337   83.1
0700       0      0     11     96     35      6    148   4485   85.9
0800       0      0      8     45     95     53    201   4686   89.7
0900       0      0      0     62     83     52    197   4883   93.5
1000       0      0      0     94     66     28    188   5071   97.1
1100       0      0      0    100     43      8    151   5222  100.0
------------------------------------------------------
Total      0    553   1093   1810   1293    473   5222

Gross QSOs=5349        Dupes=127        Net QSOs=5222

Unique callsigns worked = 2430

The best 60 minute rate was 347/hour from 1204 to 1303
The best 30 minute rate was 380/hour from 2125 to 2154
The best 10 minute rate was 456/hour from 2143 to 2152

The best 1 minute rates were:
11 QSOs/minute    1 times.
10 QSOs/minute    3 times.
 9 QSOs/minute   19 times.
 8 QSOs/minute   49 times.
 7 QSOs/minute   91 times.
 6 QSOs/minute  132 times.
 5 QSOs/minute  188 times.
 4 QSOs/minute  222 times.
 3 QSOs/minute  232 times.
 2 QSOs/minute  239 times.
 1 QSOs/minute  187 times.

Number of letters in callsigns
Letters  # worked
-----------------
   3        42
   4      2141
   5      1927
   6      1057
   7        21
   8        25
   9         3
  10         5

------------ M u l t i p l i e r   S u m m a r y ------------
Mult     160     80     40     20     15     10  Total    Pct
-------------------------------------------------------------
28         0    217    439    659    539    264   2118   40.6
08         0     22    173    353    244      0    792   15.2
27         0    152    177    130    100     91    650   12.4
29         0     73    117    253     98     33    574   11.0
18         0     26     41     62     22      7    158    3.0
07         0      0     13     68     57      0    138    2.6
30         0      4     20     50     31      4    109    2.1
37         0      4     16     23     21     10     74    1.4
04         0      2     11     29     16      0     58    1.1
06         0      0      0     29     29      0     58    1.1
11         0      1     10     15     14      3     43    0.8
39         0      1      5     14     13      5     38    0.7
09         0      2      6     13     10      0     31    0.6
15         0      1      5      3      3      4     16    0.3
31         0      0      0      9      5      0     14    0.3
32         0      0      2      7      5      0     14    0.3
14         0      0      0      4      8      1     13    0.2
URE        0      2      2      2      2      2     10    0.2
PZK        0      2      2      2      2      2     10    0.2
FRR        0      2      2      2      2      2     10    0.2
HRS        0      2      2      2      2      2     10    0.2
R1         0      1      2      3      2      2     10    0.2
DARC       0      2      2      2      2      2     10    0.2
ZRS        0      2      2      2      2      2     10    0.2
SRR        0      2      2      2      2      2     10    0.2
MRASZ      0      2      2      2      2      2     10    0.2
OV         0      2      2      2      2      2     10    0.2
BFRA       0      1      2      2      2      2      9    0.2
SSA        0      2      2      2      1      2      9    0.2
SRS        0      2      1      2      2      2      9    0.2
SRAL       0      2      2      1      2      2      9    0.2
12         0      0      2      4      2      1      9    0.2
REF        0      2      2      2      1      1      8    0.2
ARABH      0      2      1      2      1      2      8    0.2
USKA       0      2      1      2      1      2      8    0.2
RSGB       0      2      2      1      2      1      8    0.2
45         0      0      0      2      6      0      8    0.2
UBA        0      2      2      1      1      1      7    0.1
BFRR       0      1      2      2      2      0      7    0.1
VERON      0      2      2      0      2      1      7    0.1
02         0      0      0      4      2      0      6    0.1
ERAU       0      1      1      2      1      0      5    0.1
17         0      1      0      3      0      1      5    0.1
EDR        0      1      2      0      1      1      5    0.1
44         0      0      0      2      3      0      5    0.1
IRA        0      1      2      0      1      0      4    0.1
36         0      1      1      0      2      0      4    0.1
ARI        0      1      1      1      0      1      4    0.1
49         0      0      0      2      2      0      4    0.1
RSM        0      1      1      1      0      1      4    0.1
57         0      0      0      0      2      1      3    0.1
41         0      0      1      1      1      0      3    0.1
IRTS       0      1      1      1      0      0      3    0.1
13         0      0      0      1      0      2      3    0.1
ARRL       0      0      0      1      2      0      3    0.1
MARP       0      1      1      1      0      0      3    0.1
10         0      0      0      2      1      0      3    0.1
19         0      0      1      2      0      0      3    0.1
RCA        0      0      0      1      1      1      3    0.1
42         0      0      1      1      1      0      3    0.1
REP        0      0      0      1      1      1      3    0.1
IARU       0      0      1      1      1      0      3    0.1
KFRR       0      0      0      2      1      0      3    0.1
54         0      0      1      1      0      0      2    0.0
52         0      0      0      0      1      1      2    0.0
48         0      0      0      1      1      0      2    0.0
ARM        0      0      0      1      1      0      2    0.0
03         0      0      0      1      1      0      2    0.0
75         0      0      0      2      0      0      2    0.0
AC         0      0      1      1      0      0      2    0.0
60         0      0      1      1      0      0      2    0.0
53         0      0      0      0      0      1      1    0.0
ARAT       0      0      0      0      1      0      1    0.0
ROARS      0      0      0      1      0      0      1    0.0
20         0      0      0      1      0      0      1    0.0
BARC       0      0      0      0      1      0      1    0.0
66         0      0      0      0      0      1      1    0.0
NARL       0      0      0      0      0      1      1    0.0
61         0      0      0      1      0      0      1    0.0
CRAC       0      0      0      1      0      0      1    0.0
RAST       0      0      0      1      0      0      1    0.0
RCCR       0      0      0      1      0      0      1    0.0
SARS       0      0      0      1      0      0      1    0.0
34         0      0      0      0      1      0      1    0.0
NARG       0      0      0      0      0      1      1    0.0
58         0      0      0      0      1      0      1    0.0
WIA        0      0      0      0      1      0      1    0.0
NARLA      0      0      0      0      1      0      1    0.0
------------------------------------------------------
Total      0    553   1093   1810   1293    473   5222

Multi-band QSOs
---------------
1 bands    1249
2 bands     583
3 bands     318
4 bands     149
5 bands     131
6 bands       0

------- S i n g l e   B a n d   Q S O s ------
Band    160     80     40     20     15     10
----------------------------------------------
QSOs      0     64    209    637    272     67
