Cabrillo Statistics           (Version 10g)           by K5KA & N6TV
http://bit.ly/cabstat

CONTEST: IARU-HF
CALLSIGN: MB5J
CATEGORY-OPERATOR: MULTI-OP
CATEGORY-TRANSMITTER: TWO
OPERATORS: VE3EJ VE5MX

**  1  ****** Q S O   R a t e   S u m m a r y **************

Hour     160     80     40     20     15     10  Total    Pct
-------------------------------------------------------------
1200       0      0      0      0    195      0    195    7.7
1300       0      0      0      0    114      0    114   12.2
1400       0      0      0      0    110      0    110   16.5
1500       0      0      0      0     89      0     89   20.0
1600       0      0      0     53     51      0    104   24.1
1700       0      0      0    118      0      0    118   28.7
1800       0      0      0      4    147      0    151   34.7
1900       0      0      0      0    119      0    119   39.4
2000       0      0    126      0     25      0    151   45.3
2100       0      0      0    168      0      0    168   51.9
2200       0     45      0     52     12      0    109   56.2
2300       0     93      0     41      0      0    134   61.5
0000       0      0     48     75      0      0    123   66.3
0100       0      0    114      0      0      0    114   70.8
0200       0      0     17     81      0      0     98   74.7
0300       0     12     12     19      4      0     47   76.5
0400       0     10      0     31      0      0     41   78.1
0500       0      0      0     69      0      0     69   80.8
0600       0      0      0     96      0      0     96   84.6
0700       0      0      0    120      0      0    120   89.3
0800       0      0      0     27     62      0     89   92.8
0900       0      0      0      0     67      0     67   95.5
1000       0      0      0      0     62      1     63   98.0
1100       0      0      8      0     40      4     52  100.0
------------------------------------------------------
Total      0    160    325    954   1097      5   2541


**  0  ****** Q S O   R a t e   S u m m a r y **************

Hour     160     80     40     20     15     10  Total    Pct
-------------------------------------------------------------
1200       0      0      0     90      0     66    156    5.7
1300       0      0      0    108      0     26    134   10.7
1400       0      0      0     58      0     53    111   14.8
1500       0      0      0     61      0     85    146   20.1
1600       0      0    122      7      0     17    146   25.5
1700       0      0     74      0     24     24    122   30.0
1800       0      7     61     16      0     73    157   35.8
1900       0     23      0     74      0     38    135   40.7
2000       0      5      0     54     44      9    112   44.8
2100       0    152      0      0     17      0    169   51.1
2200       0     41     83     16      0      0    140   56.2
2300       0      0     85      7     15      0    107   60.2
0000       0     88     19      0      0      0    107   64.1
0100       0     74      0      5      0      0     79   67.0
0200       0     73     24      0      0      0     97   70.6
0300       0     13     63      0      0      0     76   73.4
0400       0      0     68      0      1      0     69   75.9
0500       0      0     95      0      0      0     95   79.4
0600       0      0     23      0     20      2     45   81.1
0700       0      0     58      0     25      0     83   84.1
0800       0      0     31      0      7     23     61   86.4
0900       0      0      0      0      0    102    102   90.1
1000       0      0      0     46      0     17     63   92.4
1100       0      0      0    206      0      0    206  100.0
------------------------------------------------------
Total      0    476    806    748    153    535   2718


-------------- Q S O   R a t e   S u m m a r y ---------------------
Hour     160     80     40     20     15     10    Rate Total    Pct
--------------------------------------------------------------------
1200       0      0      0     90    195     66    351    351    6.7
1300       0      0      0    108    114     26    248    599   11.4
1400       0      0      0     58    110     53    221    820   15.6
1500       0      0      0     61     89     85    235   1055   20.1
1600       0      0    122     60     51     17    250   1305   24.8
1700       0      0     74    118     24     24    240   1545   29.4
1800       0      7     61     20    147     73    308   1853   35.2
1900       0     23      0     74    119     38    254   2107   40.1
2000       0      5    126     54     69      9    263   2370   45.1
2100       0    152      0    168     17      0    337   2707   51.5
2200       0     86     83     68     12      0    249   2956   56.2
2300       0     93     85     48     15      0    241   3197   60.8
0000       0     88     67     75      0      0    230   3427   65.2
0100       0     74    114      5      0      0    193   3620   68.8
0200       0     73     41     81      0      0    195   3815   72.5
0300       0     25     75     19      4      0    123   3938   74.9
0400       0     10     68     31      1      0    110   4048   77.0
0500       0      0     95     69      0      0    164   4212   80.1
0600       0      0     23     96     20      2    141   4353   82.8
0700       0      0     58    120     25      0    203   4556   86.6
0800       0      0     31     27     69     23    150   4706   89.5
0900       0      0      0      0     67    102    169   4875   92.7
1000       0      0      0     46     62     18    126   5001   95.1
1100       0      0      8    206     40      4    258   5259  100.0
------------------------------------------------------
Total      0    636   1131   1702   1250    540   5259

Gross QSOs=5376        Dupes=117        Net QSOs=5259

Unique callsigns worked = 2516

The best 60 minute rate was 353/hour from 1201 to 1300
The best 30 minute rate was 378/hour from 1204 to 1233
The best 10 minute rate was 456/hour from 1827 to 1836

The best 1 minute rates were:
11 QSOs/minute    1 times.
10 QSOs/minute    3 times.
 9 QSOs/minute   19 times.
 8 QSOs/minute   29 times.
 7 QSOs/minute   88 times.
 6 QSOs/minute  123 times.
 5 QSOs/minute  194 times.
 4 QSOs/minute  263 times.
 3 QSOs/minute  245 times.
 2 QSOs/minute  275 times.
 1 QSOs/minute  154 times.

Number of letters in callsigns
Letters  # worked
-----------------
   3        39
   4      2043
   5      2031
   6      1094
   7        21
   8        18
   9         5
  10         8

------------ M u l t i p l i e r   S u m m a r y ------------
Mult     160     80     40     20     15     10  Total    Pct
-------------------------------------------------------------
28         0    280    502    626    518    387   2313   44.0
08         0     34    187    356    256      2    835   15.9
29         0     67    126    257    121     35    606   11.5
27         0    158    134     91     82     58    523    9.9
18         0     28     53     47     22      1    151    2.9
07         0      0      8     80     55      0    143    2.7
30         0      6     22     44     28      2    102    1.9
06         0      0      0     40     24      0     64    1.2
04         0      2     13     28     18      0     61    1.2
37         0      6     10      8     12      9     45    0.9
39         0      3      7     12     14      4     40    0.8
11         0      0      8     10     10      3     31    0.6
09         0      3      5     12      8      0     28    0.5
32         0      0      1      8      4      0     13    0.2
15         0      0      4      2      5      1     12    0.2
R1         0      3      3      2      2      1     11    0.2
31         0      0      0      5      6      0     11    0.2
ZRS        0      2      2      2      2      2     10    0.2
PZK        0      2      2      2      2      2     10    0.2
HRS        0      2      2      2      2      2     10    0.2
SRS        0      2      2      2      2      2     10    0.2
DARC       0      2      2      1      2      2      9    0.2
BFRA       0      1      2      2      2      2      9    0.2
URE        0      2      2      2      1      2      9    0.2
RSGB       0      2      2      1      2      2      9    0.2
REF        0      2      2      1      2      2      9    0.2
MRASZ      0      2      2      2      2      1      9    0.2
USKA       0      2      1      2      2      2      9    0.2
ARABH      0      2      1      1      2      2      8    0.2
FRR        0      2      1      1      2      2      8    0.2
SRAL       0      2      2      2      2      0      8    0.2
OV         0      1      1      2      2      1      7    0.1
SRR        0      2      2      2      1      0      7    0.1
BFRR       0      2      1      2      1      1      7    0.1
SSA        0      1      2      2      1      0      6    0.1
02         0      0      0      5      1      0      6    0.1
12         0      0      0      2      3      1      6    0.1
UBA        0      2      1      0      2      1      6    0.1
ARI        0      1      1      1      2      1      6    0.1
17         0      1      1      2      1      0      5    0.1
VERON      0      3      2      0      0      0      5    0.1
14         0      0      0      2      1      2      5    0.1
AC         0      1      1      3      0      0      5    0.1
54         0      0      1      1      2      0      4    0.1
36         0      1      1      1      1      0      4    0.1
IRA        0      1      1      1      1      0      4    0.1
EDR        0      1      2      1      0      0      4    0.1
41         0      0      1      0      3      0      4    0.1
ERAU       0      1      1      1      0      0      3    0.1
49         0      0      0      2      1      0      3    0.1
IRTS       0      1      1      1      0      0      3    0.1
60         0      0      1      2      0      0      3    0.1
57         0      0      0      0      1      1      2    0.0
53         0      0      0      0      1      1      2    0.0
BARC       0      0      0      1      1      0      2    0.0
ARAT       0      0      0      0      1      1      2    0.0
48         0      0      0      1      1      0      2    0.0
44         0      0      0      1      1      0      2    0.0
42         0      0      0      1      1      0      2    0.0
RCCR       0      0      0      1      0      1      2    0.0
RSM        0      0      1      1      0      0      2    0.0
19         0      0      0      2      0      0      2    0.0
58         0      0      0      1      1      0      2    0.0
RCA        0      0      0      0      0      1      1    0.0
03         0      0      0      1      0      0      1    0.0
MARP       0      0      0      1      0      0      1    0.0
NARG       0      0      1      0      0      0      1    0.0
10         0      0      0      0      1      0      1    0.0
75         0      0      0      1      0      0      1    0.0
16         0      0      0      0      1      0      1    0.0
IARU       0      0      0      1      0      0      1    0.0
23         0      0      0      1      0      0      1    0.0
ARRL       0      0      0      1      0      0      1    0.0
JARL       0      0      0      0      1      0      1    0.0
45         0      0      0      0      1      0      1    0.0
SARS       0      0      0      1      0      0      1    0.0
WIA        0      0      0      1      0      0      1    0.0
50         0      0      0      0      1      0      1    0.0
FRA        0      0      0      0      1      0      1    0.0
KFRR       0      0      0      0      1      0      1    0.0
ROARS      0      0      0      1      0      0      1    0.0
------------------------------------------------------
Total      0    636   1131   1702   1250    540   5259

Multi-band QSOs
---------------
1 bands    1332
2 bands     544
3 bands     329
4 bands     177
5 bands     134
6 bands       0

------- S i n g l e   B a n d   Q S O s ------
Band    160     80     40     20     15     10
----------------------------------------------
QSOs      0    111    261    569    281    110
