Cabrillo Statistics           (Version 10g)           by K5KA & N6TV
http://bit.ly/cabstat

CONTEST: IARU-HF
CALLSIGN: MB5O
CATEGORY-OPERATOR: MULTI-OP
CATEGORY-TRANSMITTER: TWO
OPERATORS: 

**  0  ****** Q S O   R a t e   S u m m a r y **************

Hour     160     80     40     20     15     10  Total    Pct
-------------------------------------------------------------
1200       0      0      0      0    145     56    201    6.3
1300       0      0      0      6    135      5    146   10.9
1400       0      0      0    158      0     43    201   17.2
1500       0      0      0    158      0      6    164   22.4
1600       0      0      0    165      1      9    175   27.9
1700       0      0      0     13      0    167    180   33.5
1800       0      0     86     34      0     24    144   38.1
1900       0      0      0    115      0     32    147   42.7
2000       0     86      0    100      0      0    186   48.5
2100       0     93    119      0      0      0    212   55.2
2200       0      0    182      0      0      0    182   60.9
2300       0    103      0     43      8      0    154   65.7
0000       0      0      0    140      0      0    140   70.1
0100       0     73      0     48      0      0    121   73.9
0200       0     65     23      0      0      0     88   76.7
0300       0     12     80      0      0      0     92   79.6
0400       0     25      0     32      0      0     57   81.4
0500       0      0      0     47     14      0     61   83.3
0600       0      1     60      0     17      0     78   85.8
0700       0      1     77     21      0     11    110   89.2
0800       0      0      0    112      0      0    112   92.7
0900       0      0      0     61     23      1     85   95.4
1000       0      0      0     54      0     28     82   98.0
1100       0      0      1     10     50      3     64  100.0
------------------------------------------------------
Total      0    459    628   1317    393    385   3182


**  1  ****** Q S O   R a t e   S u m m a r y **************

Hour     160     80     40     20     15     10  Total    Pct
-------------------------------------------------------------
1200       0      0      0    212      0      0    212    7.7
1300       0      0      0    167      0      4    171   14.0
1400       0      0      0      0    138      7    145   19.2
1500       0      0     12      0    107      0    119   23.6
1600       0      0     94      0     63      0    157   29.3
1700       0      0      0      0    118      0    118   33.6
1800       0      0      0      0    175      0    175   40.0
1900       0      0      0      0    134      0    134   44.9
2000       0      0      1     56     59      0    116   49.1
2100       0      0      0     74     47      0    121   53.5
2200       0     81      0     37      4      0    122   57.9
2300       0      0    106     36      0      0    142   63.1
0000       0      0    147      0      0      0    147   68.5
0100       0      0     81      4      0      0     85   71.6
0200       0     10      0     65      0      0     75   74.3
0300       0     46      0     15      0      0     61   76.5
0400       0      0     96      0      0      0     96   80.0
0500       0      0     76      0      2      0     78   82.9
0600       0      0     16     34      0      1     51   84.7
0700       0      0      0     51     33      2     86   87.9
0800       0      0      0      0     46     32     78   90.7
0900       0      0      0      0     30     52     82   93.7
1000       0      0      0      0     81      0     81   96.6
1100       0      0      0     72     12      8     92  100.0
------------------------------------------------------
Total      0    137    629    823   1049    106   2744


-------------- Q S O   R a t e   S u m m a r y ---------------------
Hour     160     80     40     20     15     10    Rate Total    Pct
--------------------------------------------------------------------
1200       0      0      0    212    145     56    413    413    7.0
1300       0      0      0    173    135      9    317    730   12.3
1400       0      0      0    158    138     50    346   1076   18.2
1500       0      0     12    158    107      6    283   1359   22.9
1600       0      0     94    165     64      9    332   1691   28.5
1700       0      0      0     13    118    167    298   1989   33.6
1800       0      0     86     34    175     24    319   2308   38.9
1900       0      0      0    115    134     32    281   2589   43.7
2000       0     86      1    156     59      0    302   2891   48.8
2100       0     93    119     74     47      0    333   3224   54.4
2200       0     81    182     37      4      0    304   3528   59.5
2300       0    103    106     79      8      0    296   3824   64.5
0000       0      0    147    140      0      0    287   4111   69.4
0100       0     73     81     52      0      0    206   4317   72.8
0200       0     75     23     65      0      0    163   4480   75.6
0300       0     58     80     15      0      0    153   4633   78.2
0400       0     25     96     32      0      0    153   4786   80.8
0500       0      0     76     47     16      0    139   4925   83.1
0600       0      1     76     34     17      1    129   5054   85.3
0700       0      1     77     72     33     13    196   5250   88.6
0800       0      0      0    112     46     32    190   5440   91.8
0900       0      0      0     61     53     53    167   5607   94.6
1000       0      0      0     54     81     28    163   5770   97.4
1100       0      0      1     82     62     11    156   5926  100.0
------------------------------------------------------
Total      0    596   1257   2140   1442    491   5926

Gross QSOs=6042        Dupes=116        Net QSOs=5926

Unique callsigns worked = 2713

The best 60 minute rate was 424/hour from 1203 to 1302
The best 30 minute rate was 458/hour from 1201 to 1230
The best 10 minute rate was 540/hour from 2146 to 2155

The best 1 minute rates were:
13 QSOs/minute    1 times.
12 QSOs/minute    1 times.
11 QSOs/minute    4 times.
10 QSOs/minute   10 times.
 9 QSOs/minute   41 times.
 8 QSOs/minute   76 times.
 7 QSOs/minute  119 times.
 6 QSOs/minute  152 times.
 5 QSOs/minute  170 times.
 4 QSOs/minute  227 times.
 3 QSOs/minute  231 times.
 2 QSOs/minute  219 times.
 1 QSOs/minute  146 times.

Number of letters in callsigns
Letters  # worked
-----------------
   3        40
   4      2327
   5      2217
   6      1281
   7        22
   8        24
   9         8
  10         5

------------ M u l t i p l i e r   S u m m a r y ------------
Mult     160     80     40     20     15     10  Total    Pct
-------------------------------------------------------------
28         0    260    531    840    649    335   2615   44.1
08         0     35    201    412    263      1    912   15.4
27         0    143    191    147    109     65    655   11.1
29         0     60    128    300    108     37    633   10.7
18         0     29     51     58     23      4    165    2.8
07         0      0     17     77     61      0    155    2.6
30         0      7     26     55     29      2    119    2.0
37         0      7     18     26     16      7     74    1.2
04         0      5     13     32     20      0     70    1.2
06         0      0      0     27     34      0     61    1.0
11         0      1      8     16     13      1     39    0.7
39         0      2      7     15     10      4     38    0.6
09         0      2      6     18      8      0     34    0.6
31         0      0      2      8      7      0     17    0.3
32         0      0      0      9      6      0     15    0.3
15         0      0      5      2      6      1     14    0.2
R1         0      3      2      3      2      1     11    0.2
ZRS        0      2      2      2      2      2     10    0.2
URE        0      2      2      2      2      2     10    0.2
SRR        0      2      2      2      2      2     10    0.2
FRR        0      2      1      2      2      2      9    0.2
PZK        0      2      2      2      1      2      9    0.2
BFRA       0      1      2      2      2      2      9    0.2
HRS        0      2      1      2      2      2      9    0.2
ARABH      0      2      1      2      2      2      9    0.2
OV         0      2      1      2      2      2      9    0.2
SRS        0      2      2      2      1      2      9    0.2
RSGB       0      2      2      1      2      1      8    0.1
45         0      0      0      4      4      0      8    0.1
BFRR       0      1      1      2      2      2      8    0.1
REF        0      2      2      1      2      1      8    0.1
MRASZ      0      1      1      2      2      1      7    0.1
SRAL       0      2      2      2      1      0      7    0.1
VERON      0      2      2      1      1      1      7    0.1
USKA       0      2      1      2      1      1      7    0.1
12         0      1      2      3      1      0      7    0.1
SSA        0      1      2      2      1      0      6    0.1
UBA        0      2      2      1      0      1      6    0.1
DARC       0      1      2      1      2      0      6    0.1
02         0      0      0      4      2      0      6    0.1
19         0      0      1      4      0      0      5    0.1
ARI        0      1      1      2      1      0      5    0.1
44         0      0      0      2      3      0      5    0.1
36         0      1      0      3      1      0      5    0.1
14         0      1      0      2      2      0      5    0.1
EDR        0      1      2      1      0      1      5    0.1
RSM        0      1      2      1      1      0      5    0.1
ERAU       0      0      1      2      1      1      5    0.1
57         0      0      0      1      2      1      4    0.1
17         0      0      1      2      1      0      4    0.1
49         0      0      0      2      2      0      4    0.1
10         0      0      1      2      1      0      4    0.1
IRA        0      1      1      1      1      0      4    0.1
42         0      0      1      2      0      0      3    0.1
53         0      0      0      1      2      0      3    0.1
RCP        0      0      0      2      1      0      3    0.1
60         0      0      1      2      0      0      3    0.1
RCA        0      0      0      1      0      1      2    0.0
ARAT       0      0      0      1      1      0      2    0.0
AFVL       0      0      0      1      1      0      2    0.0
58         0      0      1      0      1      0      2    0.0
75         0      0      0      2      0      0      2    0.0
KFRR       0      0      0      1      1      0      2    0.0
ARRL       0      0      0      1      1      0      2    0.0
AC         0      0      1      1      0      0      2    0.0
FRA        0      0      1      1      0      0      2    0.0
ROARS      0      0      0      1      1      0      2    0.0
41         0      0      0      0      2      0      2    0.0
TRAC       0      0      0      0      1      1      2    0.0
ARE        0      0      0      0      1      0      1    0.0
03         0      0      0      1      0      0      1    0.0
48         0      0      0      0      1      0      1    0.0
BARC       0      0      0      0      1      0      1    0.0
KARL       0      0      0      1      0      0      1    0.0
REP        0      0      0      1      0      0      1    0.0
16         0      0      0      0      1      0      1    0.0
59         0      0      0      0      1      0      1    0.0
IARU       0      0      1      0      0      0      1    0.0
43         0      0      0      1      0      0      1    0.0
55         0      0      0      0      1      0      1    0.0
33         0      0      0      0      1      0      1    0.0
61         0      0      0      1      0      0      1    0.0
ARM        0      0      0      1      0      0      1    0.0
ARUKR      0      0      0      0      1      0      1    0.0
52         0      0      0      0      1      0      1    0.0
IRTS       0      0      0      1      0      0      1    0.0
NARL       0      0      0      0      1      0      1    0.0
54         0      0      0      0      1      0      1    0.0
------------------------------------------------------
Total      0    596   1257   2140   1442    491   5926

Multi-band QSOs
---------------
1 bands    1368
2 bands     619
3 bands     382
4 bands     210
5 bands     134
6 bands       0

------- S i n g l e   B a n d   Q S O s ------
Band    160     80     40     20     15     10
----------------------------------------------
QSOs      0     75    250    705    278     60
