Cabrillo Statistics           (Version 10g)           by K5KA & N6TV
http://bit.ly/cabstat

CONTEST: IARU-HF
CALLSIGN: MB5P
CATEGORY-OPERATOR: MULTI-OP
CATEGORY-TRANSMITTER: TWO
OPERATORS: LU9ESD LW5HR

**  1  ****** Q S O   R a t e   S u m m a r y **************

Hour     160     80     40     20     15     10  Total    Pct
-------------------------------------------------------------
1200       0      0      0      0      9     57     66    3.5
1300       0      0      0     47     70      0    117    9.6
1400       0      0      0    110      0      1    111   15.5
1500       0      0      0      0     90      0     90   20.2
1600       0      0      0      0     55     10     65   23.7
1700       0      0      0     84      3      0     87   28.2
1800       0      0      0      0     34    107    141   35.7
1900       0      0     17      0     25     44     86   40.2
2000       0      0      0     66     22      0     88   44.8
2100       0      0      0     92      5      0     97   49.9
2200       0    100     67      0      0      0    167   58.7
2300       0     56     76      0      0      0    132   65.7
0000       0     13     23     40      0      0     76   69.7
0100       0      0     24     27      0      0     51   72.4
0200       0     35      3     10      0      0     48   74.9
0300       0     21      2      4      0      0     27   76.3
0400       0      6     24      1      0      0     31   78.0
0500       0      0      0     16      2      0     18   78.9
0600       0      0     57     11      0      0     68   82.5
0700       0      0     36      0      8      0     44   84.8
0800       0      0      0     49     12      2     63   88.1
0900       0      0      0     59     22      0     81   92.4
1000       0      0      0     33      3     33     69   96.0
1100       0      0      2     73      0      0     75  100.0
------------------------------------------------------
Total      0    231    331    722    360    254   1898


**  0  ****** Q S O   R a t e   S u m m a r y **************

Hour     160     80     40     20     15     10  Total    Pct
-------------------------------------------------------------
1200       0      0      0      0    151      1    152    5.3
1300       0      0      0      0     25     70     95    8.5
1400       0      0      0      0    114      9    123   12.8
1500       0      0      0    136      0     38    174   18.8
1600       0      0      0    139      0     15    154   24.1
1700       0      0     15      9     71     31    126   28.5
1800       0      0      0    168      0      0    168   34.3
1900       0      0      0    157      0      4    161   39.9
2000       0      0     18     40     55      7    120   44.0
2100       0      0     20     22     54      0     96   47.4
2200       0     40     74     36      0      0    150   52.5
2300       0     72     81      0      0      0    153   57.8
0000       0      0    115     52      0      0    167   63.6
0100       0     52     49     42      0      0    143   68.6
0200       0     38     75      3      0      0    116   72.6
0300       0      4     61     12      0      0     77   75.2
0400       0     28     61      2      0      0     91   78.4
0500       0      1     82      0     11      0     94   81.6
0600       0      0      5     74      2      0     81   84.4
0700       0      0      0     83      1      0     84   87.3
0800       0      0      0     46     49     17    112   91.2
0900       0      0      0      2     27     61     90   94.3
1000       0      0      0      3     61     24     88   97.4
1100       0      0     30     10     35      1     76  100.0
------------------------------------------------------
Total      0    235    686   1036    656    278   2891


-------------- Q S O   R a t e   S u m m a r y ---------------------
Hour     160     80     40     20     15     10    Rate Total    Pct
--------------------------------------------------------------------
1200       0      0      0      0    160     58    218    218    4.6
1300       0      0      0     47     95     70    212    430    9.0
1400       0      0      0    110    114     10    234    664   13.9
1500       0      0      0    136     90     38    264    928   19.4
1600       0      0      0    139     55     25    219   1147   24.0
1700       0      0     15     93     74     31    213   1360   28.4
1800       0      0      0    168     34    107    309   1669   34.9
1900       0      0     17    157     25     48    247   1916   40.0
2000       0      0     18    106     77      7    208   2124   44.4
2100       0      0     20    114     59      0    193   2317   48.4
2200       0    140    141     36      0      0    317   2634   55.0
2300       0    128    157      0      0      0    285   2919   61.0
0000       0     13    138     92      0      0    243   3162   66.0
0100       0     52     73     69      0      0    194   3356   70.1
0200       0     73     78     13      0      0    164   3520   73.5
0300       0     25     63     16      0      0    104   3624   75.7
0400       0     34     85      3      0      0    122   3746   78.2
0500       0      1     82     16     13      0    112   3858   80.6
0600       0      0     62     85      2      0    149   4007   83.7
0700       0      0     36     83      9      0    128   4135   86.3
0800       0      0      0     95     61     19    175   4310   90.0
0900       0      0      0     61     49     61    171   4481   93.6
1000       0      0      0     36     64     57    157   4638   96.8
1100       0      0     32     83     35      1    151   4789  100.0
------------------------------------------------------
Total      0    466   1017   1758   1016    532   4789

Gross QSOs=4841        Dupes=52        Net QSOs=4789

Unique callsigns worked = 2423

The best 60 minute rate was 368/hour from 2222 to 2321
The best 30 minute rate was 398/hour from 2235 to 2304
The best 10 minute rate was 492/hour from 2251 to 2300

The best 1 minute rates were:
11 QSOs/minute    3 times.
10 QSOs/minute    5 times.
 9 QSOs/minute   14 times.
 8 QSOs/minute   29 times.
 7 QSOs/minute   57 times.
 6 QSOs/minute   88 times.
 5 QSOs/minute  163 times.
 4 QSOs/minute  262 times.
 3 QSOs/minute  297 times.
 2 QSOs/minute  253 times.
 1 QSOs/minute  161 times.

Number of letters in callsigns
Letters  # worked
-----------------
   3        25
   4      1722
   5      1868
   6      1125
   7        18
   8        24
   9         4
  10         2

------------ M u l t i p l i e r   S u m m a r y ------------
Mult     160     80     40     20     15     10  Total    Pct
-------------------------------------------------------------
28         0    202    423    759    521    376   2281   47.6
08         0     24    169    309    167      3    672   14.0
29         0     34    118    235     79     28    494   10.3
27         0    132    119    106     74     62    493   10.3
18         0     19     40     48     17      1    125    2.6
37         0     10     17     35     17     15     94    2.0
07         0      0     10     47     20      0     77    1.6
30         0      3     26     35     12      0     76    1.6
04         0      1     13     30     10      0     54    1.1
39         0      1      6     14      9      4     34    0.7
06         0      0      4     16     13      0     33    0.7
11         0      1      8     12      6      1     28    0.6
09         0      2      7     12      4      0     25    0.5
15         0      0      5      4      5      4     18    0.4
R1         0      2      3      2      3      1     11    0.2
PZK        0      2      2      2      2      2     10    0.2
URE        0      2      2      2      2      2     10    0.2
FRR        0      2      2      2      2      2     10    0.2
14         0      0      2      5      3      0     10    0.2
HRS        0      1      2      2      2      2      9    0.2
ZRS        0      1      2      2      2      2      9    0.2
SRS        0      2      1      2      2      2      9    0.2
BFRA       0      1      2      2      2      2      9    0.2
BFRR       0      1      2      2      1      2      8    0.2
DARC       0      2      2      1      2      1      8    0.2
ARABH      0      2      1      1      2      2      8    0.2
USKA       0      2      1      2      1      2      8    0.2
REF        0      1      2      1      1      2      7    0.1
RSGB       0      2      1      0      2      2      7    0.1
MRASZ      0      1      2      2      1      1      7    0.1
SRR        0      2      2      1      1      1      7    0.1
31         0      0      0      4      3      0      7    0.1
SSA        0      2      2      2      1      0      7    0.1
OV         0      1      1      2      2      1      7    0.1
UN         0      1      1      2      1      1      6    0.1
02         0      0      0      5      1      0      6    0.1
EDR        0      1      1      1      1      1      5    0.1
SRAL       0      1      1      1      2      0      5    0.1
12         0      0      1      1      3      0      5    0.1
UBA        0      2      1      1      0      1      5    0.1
44         0      0      0      4      0      0      4    0.1
17         0      0      1      2      1      0      4    0.1
36         0      0      1      2      1      0      4    0.1
VERON      0      2      1      0      1      0      4    0.1
IRA        0      0      1      1      2      0      4    0.1
32         0      0      0      3      0      0      3    0.1
75         0      0      0      3      0      0      3    0.1
49         0      0      0      2      1      0      3    0.1
19         0      0      1      2      0      0      3    0.1
ARI        0      1      1      1      0      0      3    0.1
AC         0      0      1      2      0      0      3    0.1
60         0      0      1      2      0      0      3    0.1
57         0      0      0      0      1      1      2    0.0
ARAT       0      0      0      1      0      1      2    0.0
54         0      0      0      1      1      0      2    0.0
ROARS      0      0      0      1      1      0      2    0.0
BARC       0      0      0      1      1      0      2    0.0
16         0      0      0      0      2      0      2    0.0
ARM        0      0      0      1      0      1      2    0.0
41         0      0      0      2      0      0      2    0.0
42         0      0      1      1      0      0      2    0.0
03         0      0      0      2      0      0      2    0.0
ARRL       0      0      1      1      0      0      2    0.0
10         0      0      1      1      0      0      2    0.0
52         0      0      0      0      0      1      1    0.0
NARL       0      0      0      0      0      1      1    0.0
ERAU       0      0      0      0      1      0      1    0.0
EI         0      0      0      0      0      1      1    0.0
20         0      0      0      1      0      0      1    0.0
AFVL       0      0      0      0      1      0      1    0.0
HRR        0      0      0      1      0      0      1    0.0
RCU        0      0      0      0      1      0      1    0.0
CTARL      0      0      0      1      0      0      1    0.0
58         0      0      0      1      0      0      1    0.0
48         0      0      0      1      0      0      1    0.0
45         0      0      0      1      0      0      1    0.0
53         0      0      0      1      0      0      1    0.0
KFRR       0      0      0      1      0      0      1    0.0
TRAC       0      0      0      1      0      0      1    0.0
MARP       0      0      1      0      0      0      1    0.0
IARU       0      0      1      0      0      0      1    0.0
ARUKR      0      0      0      0      1      0      1    0.0
SARS       0      0      0      0      1      0      1    0.0
RSM        0      0      0      1      0      0      1    0.0
------------------------------------------------------
Total      0    466   1017   1758   1016    532   4789

Multi-band QSOs
---------------
1 bands    1415
2 bands     515
3 bands     263
4 bands     146
5 bands      84
6 bands       0

------- S i n g l e   B a n d   Q S O s ------
Band    160     80     40     20     15     10
----------------------------------------------
QSOs      0     93    242    725    236    119
