Cabrillo Statistics           (Version 10g)           by K5KA & N6TV
http://bit.ly/cabstat

CONTEST: IARU-HF
CALLSIGN: MB5Q
CATEGORY-OPERATOR: MULTI-OP
CATEGORY-TRANSMITTER: TWO
OPERATORS: RW7K KU1CW

**  0  ****** Q S O   R a t e   S u m m a r y **************

Hour     160     80     40     20     15     10  Total    Pct
-------------------------------------------------------------
1200       0      0     11     92    178     62    343    6.3
1300       0      0     48    139    115     16    318   12.1
1400       0      0     32    165     80     34    311   17.8
1500       0      0     64     91     49     58    262   22.6
1600       0      0     38     95    151     28    312   28.3
1700       0      0     34     61     47    147    289   33.6
1800       0      0     38    113     59     85    295   39.0
1900       0     40    119     28     55     29    271   44.0
2000       0      0     28    125     95     14    262   48.8
2100       0      0     40    161     58      3    262   53.6
2200       0    114     80     37     24      0    255   58.2
2300       0     43    155     39     28      0    265   63.1
0000       0     86    137     43      2      0    268   68.0
0100       0     46    121     39      0      0    206   71.8
0200       0     72     29     62      0      0    163   74.8
0300       0     62     63      4      0      0    129   77.1
0400       0     34     70     11      0      0    115   79.2
0500       0      1     73     47      0      0    121   81.4
0600       0      0    106     79      0      0    185   84.8
0700       0      0     76    101     10      0    187   88.3
0800       0      0     13     72     60      8    153   91.1
0900       0      0      6     49     43     45    143   93.7
1000       0      0     25     59     65     33    182   97.0
1100       0      0      2     93     68      0    163  100.0
------------------------------------------------------
Total      0    498   1408   1805   1187    562   5460


**    ****** Q S O   R a t e   S u m m a r y **************

Hour     160     80     40     20     15     10  Total    Pct
-------------------------------------------------------------
1200       0      0      0      0      0      0      0    0.0
1300       0      0      0      0      0      0      0    0.0
1400       0      0      0      0      0      0      0    0.0
1500       0      0      0      0      0      0      0    0.0
1600       0      0      0      0      0      0      0    0.0
1700       0      0      0      0      0      0      0    0.0
1800       0      0      0      0      0      0      0    0.0
1900       0      0      0      0      0      0      0    0.0
2000       0      0      0      0      0      0      0    0.0
2100       0      0      0      0      0      0      0    0.0
2200       0      0      0      0      0      0      0    0.0
2300       0      0      0      0      0      0      0    0.0
0000       0      0      0      0      0      0      0    0.0
0100       0      0      0      0      0      0      0    0.0
0200       0      0      0      0      0      0      0    0.0
0300       0      0      0      0      0      0      0    0.0
0400       0      0      0      0      0      0      0    0.0
0500       0      0      0      0      0      0      0    0.0
0600       0      0      0      0      0      0      0    0.0
0700       0      0      0      0      0      0      0    0.0
0800       0      0      0      0      0      0      0    0.0
0900       0      0      0      0      0      0      0    0.0
1000       0      0      0      0      0      0      0    0.0
1100       0      0      0      0      0      0      0    0.0
------------------------------------------------------
Total      0      0      0      0      0      0      0


-------------- Q S O   R a t e   S u m m a r y ---------------------
Hour     160     80     40     20     15     10    Rate Total    Pct
--------------------------------------------------------------------
1200       0      0     11     92    178     62    343    343    6.3
1300       0      0     48    139    115     16    318    661   12.1
1400       0      0     32    165     80     34    311    972   17.8
1500       0      0     64     91     49     58    262   1234   22.6
1600       0      0     38     95    151     28    312   1546   28.3
1700       0      0     34     61     47    147    289   1835   33.6
1800       0      0     38    113     59     85    295   2130   39.0
1900       0     40    119     28     55     29    271   2401   44.0
2000       0      0     28    125     95     14    262   2663   48.8
2100       0      0     40    161     58      3    262   2925   53.6
2200       0    114     80     37     24      0    255   3180   58.2
2300       0     43    155     39     28      0    265   3445   63.1
0000       0     86    137     43      2      0    268   3713   68.0
0100       0     46    121     39      0      0    206   3919   71.8
0200       0     72     29     62      0      0    163   4082   74.8
0300       0     62     63      4      0      0    129   4211   77.1
0400       0     34     70     11      0      0    115   4326   79.2
0500       0      1     73     47      0      0    121   4447   81.4
0600       0      0    106     79      0      0    185   4632   84.8
0700       0      0     76    101     10      0    187   4819   88.3
0800       0      0     13     72     60      8    153   4972   91.1
0900       0      0      6     49     43     45    143   5115   93.7
1000       0      0     25     59     65     33    182   5297   97.0
1100       0      0      2     93     68      0    163   5460  100.0
------------------------------------------------------
Total      0    498   1408   1805   1187    562   5460

Gross QSOs=5680        Dupes=220        Net QSOs=5460

Unique callsigns worked = 2510

The best 60 minute rate was 373/hour from 1212 to 1311
The best 30 minute rate was 398/hour from 1243 to 1312
The best 10 minute rate was 462/hour from 1647 to 1656

The best 1 minute rates were:
12 QSOs/minute    1 times.
11 QSOs/minute    1 times.
10 QSOs/minute    5 times.
 9 QSOs/minute   18 times.
 8 QSOs/minute   44 times.
 7 QSOs/minute   88 times.
 6 QSOs/minute  144 times.
 5 QSOs/minute  219 times.
 4 QSOs/minute  247 times.
 3 QSOs/minute  250 times.
 2 QSOs/minute  199 times.
 1 QSOs/minute  162 times.

Number of letters in callsigns
Letters  # worked
-----------------
   3        44
   4      2046
   5      2083
   6      1222
   7        27
   8        29
   9         5
  10         2

------------ M u l t i p l i e r   S u m m a r y ------------
Mult     160     80     40     20     15     10  Total    Pct
-------------------------------------------------------------
28         0    220    613    727    559    381   2500   45.8
08         0     29    230    302    210      1    772   14.1
29         0     57    160    312    141     66    736   13.5
27         0    113    192    110     61     55    531    9.7
18         0     22     53     60     28      4    167    3.1
30         0      6     27     50     26      4    113    2.1
07         0      0     17     47     31      0     95    1.7
04         0      1     15     25     12      0     53    1.0
37         0      5     13     15     10      3     46    0.8
39         0      2      7     17     13      6     45    0.8
11         0      1      8     12     10      1     32    0.6
09         0      2     10     12      6      0     30    0.5
06         0      0      0     19     10      0     29    0.5
14         0      1      2      4      4      3     14    0.3
31         0      0      1      7      4      0     12    0.2
15         0      1      5      3      2      1     12    0.2
PZK        0      2      2      2      2      2     10    0.2
R1         0      1      3      2      2      2     10    0.2
ZRS        0      2      2      2      2      2     10    0.2
HRS        0      2      2      2      2      2     10    0.2
SRR        0      2      2      2      2      2     10    0.2
32         0      0      1      6      2      0      9    0.2
FRR        0      2      2      1      2      2      9    0.2
URE        0      2      2      2      2      1      9    0.2
RSGB       0      2      2      1      2      2      9    0.2
12         0      0      0      4      2      3      9    0.2
SSA        0      1      2      2      1      2      8    0.1
SRS        0      1      1      2      2      2      8    0.1
36         0      2      2      1      2      1      8    0.1
MRASZ      0      2      2      1      2      1      8    0.1
44         0      0      0      6      2      0      8    0.1
BFRA       0      1      2      2      1      1      7    0.1
SRAL       0      2      1      2      2      0      7    0.1
REF        0      1      2      2      2      0      7    0.1
OV         0      1      0      2      1      2      6    0.1
BFRR       0      0      2      2      1      1      6    0.1
49         0      0      0      3      3      0      6    0.1
19         0      0      1      2      1      1      5    0.1
ARI        0      1      2      0      2      0      5    0.1
ARABH      0      0      1      2      0      2      5    0.1
USKA       0      2      1      1      0      1      5    0.1
DARC       0      1      2      0      1      1      5    0.1
17         0      0      2      2      1      0      5    0.1
VERON      0      2      2      0      1      0      5    0.1
41         0      0      0      3      1      0      4    0.1
ERAU       0      1      1      1      1      0      4    0.1
IRA        0      1      1      1      1      0      4    0.1
EDR        0      1      2      1      0      0      4    0.1
UBA        0      2      1      1      0      0      4    0.1
54         0      0      0      2      0      1      3    0.1
45         0      0      0      2      1      0      3    0.1
42         0      0      1      1      1      0      3    0.1
RCA        0      0      0      0      1      2      3    0.1
AFVL       0      0      1      0      1      0      2    0.0
SARS       0      0      0      1      1      0      2    0.0
KFRR       0      0      0      1      1      0      2    0.0
IARU       0      0      1      1      0      0      2    0.0
60         0      0      1      1      0      0      2    0.0
MARP       0      1      1      0      0      0      2    0.0
10         0      0      1      1      0      0      2    0.0
BARC       0      0      0      2      0      0      2    0.0
SHRAK      0      0      0      1      0      0      1    0.0
CRAC       0      0      0      1      0      0      1    0.0
48         0      0      0      1      0      0      1    0.0
NARG       0      0      1      0      0      0      1    0.0
RSM        0      0      0      0      0      1      1    0.0
ARRL       0      0      0      0      1      0      1    0.0
02         0      0      0      1      0      0      1    0.0
75         0      0      0      1      0      0      1    0.0
RCP        0      0      0      1      0      0      1    0.0
20         0      0      0      1      0      0      1    0.0
52         0      0      0      0      1      0      1    0.0
FRA        0      0      0      1      0      0      1    0.0
CTARL      0      0      0      0      1      0      1    0.0
50         0      0      0      0      1      0      1    0.0
57         0      0      0      0      1      0      1    0.0
58         0      0      0      0      1      0      1    0.0
------------------------------------------------------
Total      0    498   1408   1805   1187    562   5460

Multi-band QSOs
---------------
1 bands    1253
2 bands     568
3 bands     375
4 bands     193
5 bands     121
6 bands       0

------- S i n g l e   B a n d   Q S O s ------
Band    160     80     40     20     15     10
----------------------------------------------
QSOs      0     50    323    557    231     92
