Cabrillo Statistics           (Version 10g)           by K5KA & N6TV
http://bit.ly/cabstat

CONTEST: IARU-HF
CALLSIGN: MB5X
CATEGORY-OPERATOR: MULTI-OP
CATEGORY-TRANSMITTER: TWO
OPERATORS: NH7T WH7W

**  0  ****** Q S O   R a t e   S u m m a r y **************

Hour     160     80     40     20     15     10  Total    Pct
-------------------------------------------------------------
1200       0      0      0     82     26     60    168    3.5
1300       0      0      0    171     86     14    271    9.1
1400       0      0      0    149    159      0    308   15.5
1500       0      0    134    108     18      0    260   20.9
1600       0      0    108     28     19     87    242   26.0
1700       0      0     87      0     85     38    210   30.4
1800       0      0      0    126     88     35    249   35.5
1900       0      0      0    155    124     23    302   41.8
2000       0     61     93     38     50      0    242   46.8
2100       0     35    145     44      8      0    232   51.7
2200       0     11    126     64      8      0    209   56.0
2300       0    132    122      0      0      0    254   61.3
0000       0     75     47    107      0      0    229   66.1
0100       0     67      6    128      0      0    201   70.3
0200       0     21    139     54      0      0    214   74.7
0300       0     38     63      8      1      0    110   77.0
0400       0     20     54     24      0      0     98   79.0
0500       0      0     60     43      0      0    103   81.2
0600       0      0     71     41     14      0    126   83.8
0700       0      0     58    158      3      0    219   88.4
0800       0      0      5     82     53     22    162   91.7
0900       0      0      0     47     64     84    195   95.8
1000       0      0      2     55     37      7    101   97.9
1100       0      0      0     47     53      2    102  100.0
------------------------------------------------------
Total      0    460   1320   1759    896    372   4807


**    ****** Q S O   R a t e   S u m m a r y **************

Hour     160     80     40     20     15     10  Total    Pct
-------------------------------------------------------------
1200       0      0      0      0      0      0      0    0.0
1300       0      0      0      0      0      0      0    0.0
1400       0      0      0      0      0      0      0    0.0
1500       0      0      0      0      0      0      0    0.0
1600       0      0      0      0      0      0      0    0.0
1700       0      0      0      0      0      0      0    0.0
1800       0      0      0      0      0      0      0    0.0
1900       0      0      0      0      0      0      0    0.0
2000       0      0      0      0      0      0      0    0.0
2100       0      0      0      0      0      0      0    0.0
2200       0      0      0      0      0      0      0    0.0
2300       0      0      0      0      0      0      0    0.0
0000       0      0      0      0      0      0      0    0.0
0100       0      0      0      0      0      0      0    0.0
0200       0      0      0      0      0      0      0    0.0
0300       0      0      0      0      0      0      0    0.0
0400       0      0      0      0      0      0      0    0.0
0500       0      0      0      0      0      0      0    0.0
0600       0      0      0      0      0      0      0    0.0
0700       0      0      0      0      0      0      0    0.0
0800       0      0      0      0      0      0      0    0.0
0900       0      0      0      0      0      0      0    0.0
1000       0      0      0      0      0      0      0    0.0
1100       0      0      0      0      0      0      0    0.0
------------------------------------------------------
Total      0      0      0      0      0      0      0


-------------- Q S O   R a t e   S u m m a r y ---------------------
Hour     160     80     40     20     15     10    Rate Total    Pct
--------------------------------------------------------------------
1200       0      0      0     82     26     60    168    168    3.5
1300       0      0      0    171     86     14    271    439    9.1
1400       0      0      0    149    159      0    308    747   15.5
1500       0      0    134    108     18      0    260   1007   20.9
1600       0      0    108     28     19     87    242   1249   26.0
1700       0      0     87      0     85     38    210   1459   30.4
1800       0      0      0    126     88     35    249   1708   35.5
1900       0      0      0    155    124     23    302   2010   41.8
2000       0     61     93     38     50      0    242   2252   46.8
2100       0     35    145     44      8      0    232   2484   51.7
2200       0     11    126     64      8      0    209   2693   56.0
2300       0    132    122      0      0      0    254   2947   61.3
0000       0     75     47    107      0      0    229   3176   66.1
0100       0     67      6    128      0      0    201   3377   70.3
0200       0     21    139     54      0      0    214   3591   74.7
0300       0     38     63      8      1      0    110   3701   77.0
0400       0     20     54     24      0      0     98   3799   79.0
0500       0      0     60     43      0      0    103   3902   81.2
0600       0      0     71     41     14      0    126   4028   83.8
0700       0      0     58    158      3      0    219   4247   88.4
0800       0      0      5     82     53     22    162   4409   91.7
0900       0      0      0     47     64     84    195   4604   95.8
1000       0      0      2     55     37      7    101   4705   97.9
1100       0      0      0     47     53      2    102   4807  100.0
------------------------------------------------------
Total      0    460   1320   1759    896    372   4807

Gross QSOs=4886        Dupes=79        Net QSOs=4807

Unique callsigns worked = 2468

The best 60 minute rate was 327/hour from 1437 to 1536
The best 30 minute rate was 362/hour from 1443 to 1512
The best 10 minute rate was 396/hour from 1650 to 1659

The best 1 minute rates were:
10 QSOs/minute    1 times.
 9 QSOs/minute    5 times.
 8 QSOs/minute   26 times.
 7 QSOs/minute   61 times.
 6 QSOs/minute  125 times.
 5 QSOs/minute  186 times.
 4 QSOs/minute  236 times.
 3 QSOs/minute  267 times.
 2 QSOs/minute  250 times.
 1 QSOs/minute  192 times.

Number of letters in callsigns
Letters  # worked
-----------------
   3        32
   4      1795
   5      1901
   6      1034
   7        15
   8        20
   9         6
  10         2

------------ M u l t i p l i e r   S u m m a r y ------------
Mult     160     80     40     20     15     10  Total    Pct
-------------------------------------------------------------
28         0    200    562    687    422    257   2128   44.3
08         0     19    179    363    164      0    725   15.1
27         0    106    228    112     66     46    558   11.6
29         0     54    146    237     66     19    522   10.9
18         0     17     53     46      8      4    128    2.7
07         0      0      9     69     33      0    111    2.3
30         0      4     25     45     12      1     87    1.8
04         0      3     12     31     13      0     59    1.2
37         0      5     19     11     13      4     52    1.1
06         0      0      3     26     17      0     46    1.0
39         0      3      4     16      7      3     33    0.7
09         0      1      6     15      8      0     30    0.6
11         0      2      6     16      6      0     30    0.6
R1         0      2      4      3      2      1     12    0.2
PZK        0      2      2      2      2      2     10    0.2
FRR        0      2      2      2      2      2     10    0.2
URE        0      2      2      2      2      2     10    0.2
SRS        0      2      2      2      2      2     10    0.2
HRS        0      2      2      2      2      2     10    0.2
ZRS        0      2      2      2      2      2     10    0.2
15         0      0      4      3      2      1     10    0.2
BFRA       0      1      2      2      2      2      9    0.2
SRR        0      2      2      2      2      1      9    0.2
DARC       0      2      2      2      2      1      9    0.2
OV         0      2      2      1      1      2      8    0.2
BFRR       0      1      2      2      2      1      8    0.2
USKA       0      2      1      2      1      2      8    0.2
12         0      1      2      3      2      0      8    0.2
14         0      0      2      2      3      0      7    0.1
SSA        0      1      2      1      2      1      7    0.1
ARABH      0      2      1      1      1      2      7    0.1
32         0      0      1      5      1      0      7    0.1
MRASZ      0      1      2      1      1      2      7    0.1
REF        0      2      2      2      1      0      7    0.1
31         0      0      2      4      0      0      6    0.1
SRAL       0      1      1      1      2      1      6    0.1
UBA        0      2      2      0      1      1      6    0.1
RSGB       0      1      2      1      1      1      6    0.1
36         0      0      1      2      2      1      6    0.1
ARI        0      2      1      1      1      1      6    0.1
EDR        0      1      2      1      1      0      5    0.1
VERON      0      2      2      0      1      0      5    0.1
17         0      2      1      1      0      0      4    0.1
UN         0      1      1      1      1      0      4    0.1
IRA        0      1      2      0      1      0      4    0.1
02         0      0      0      3      1      0      4    0.1
ERAU       0      0      1      1      1      0      3    0.1
IRTS       0      1      1      1      0      0      3    0.1
03         0      1      0      1      1      0      3    0.1
ARRL       0      0      1      1      1      0      3    0.1
AC         0      0      1      2      0      0      3    0.1
60         0      0      1      2      0      0      3    0.1
SIA        0      0      0      1      0      1      2    0.0
NARL       0      0      0      0      1      1      2    0.0
54         0      0      1      1      0      0      2    0.0
AFVL       0      0      0      0      1      1      2    0.0
IARU       0      0      1      1      0      0      2    0.0
BARC       0      0      0      1      1      0      2    0.0
49         0      0      0      1      1      0      2    0.0
44         0      0      0      2      0      0      2    0.0
10         0      0      0      2      0      0      2    0.0
RSM        0      0      0      0      0      1      1    0.0
52         0      0      0      0      1      0      1    0.0
48         0      0      0      0      1      0      1    0.0
MARP       0      0      0      1      0      0      1    0.0
006        0      0      1      0      0      0      1    0.0
42         0      0      0      1      0      0      1    0.0
61         0      0      0      1      0      0      1    0.0
19         0      0      0      1      0      0      1    0.0
13         0      0      0      0      0      1      1    0.0
ZH         0      0      0      1      0      0      1    0.0
ROARS      0      0      0      1      0      0      1    0.0
57         0      0      0      1      0      0      1    0.0
20         0      0      0      1      0      0      1    0.0
KFRR       0      0      0      1      0      0      1    0.0
41         0      0      0      0      1      0      1    0.0
SARS       0      0      0      0      1      0      1    0.0
46         0      0      0      0      1      0      1    0.0
------------------------------------------------------
Total      0    460   1320   1759    896    372   4807

Multi-band QSOs
---------------
1 bands    1415
2 bands     572
3 bands     252
4 bands     149
5 bands      80
6 bands       0

------- S i n g l e   B a n d   Q S O s ------
Band    160     80     40     20     15     10
----------------------------------------------
QSOs      0     64    400    708    192     51
