Cabrillo Statistics           (Version 10g)           by K5KA & N6TV
http://bit.ly/cabstat

CONTEST: IARU-HF
CALLSIGN: MB5Y
CATEGORY-OPERATOR: MULTI-OP
CATEGORY-TRANSMITTER: TWO
OPERATORS: 9A6KX 9A1UN

**  1  ****** Q S O   R a t e   S u m m a r y **************

Hour     160     80     40     20     15     10  Total    Pct
-------------------------------------------------------------
1200       0      0      0     27    105     22    154    5.4
1300       0      0      0    183      0      2    185   11.8
1400       0      0      0      0    173      0    173   17.9
1500       0      0      0     47     53     45    145   22.9
1600       0      0      0    110     48      0    158   28.4
1700       0      0     70      0     15     76    161   34.1
1800       0      0      0     85      0     27    112   38.0
1900       0      0      0     21     92     26    139   42.8
2000       0      0      0      0     81      7     88   45.9
2100       0      0      0    124      6      3    133   50.5
2200       0      1    118     16      7      1    143   55.5
2300       0    119     22     12      0      0    153   60.9
0000       0      0     35    121      0      0    156   66.3
0100       0      0    153      0      0      0    153   71.7
0200       0     80      2      8      1      0     91   74.8
0300       0     39     43      1      2      0     85   77.8
0400       0      3     47      9      1      1     61   79.9
0500       0      0     72     11      3      0     86   82.9
0600       0      0      0     41     19      1     61   85.1
0700       0      0     40      0     18      3     61   87.2
0800       0      0      1      0     56     10     67   89.5
0900       0      0      0     71      0     75    146   94.6
1000       0      0      1     63      4      3     71   97.1
1100       0      0     28     37     10      8     83  100.0
------------------------------------------------------
Total      0    242    632    987    694    310   2865


**  0  ****** Q S O   R a t e   S u m m a r y **************

Hour     160     80     40     20     15     10  Total    Pct
-------------------------------------------------------------
1200       0      0      0    135      0     25    160    7.2
1300       0      0      0      0     74     18     92   11.3
1400       0      0     14     46      4     10     74   14.7
1500       0      0      3      0     47     76    126   20.3
1600       0      3     12      6      4      5     30   21.7
1700       0      0     11     13     44      0     68   24.7
1800       0      0      0      0    140      1    141   31.1
1900       0      1     74      0     48      3    126   36.8
2000       0      3    138      0      0      0    141   43.1
2100       0    109     21      0      0      0    130   48.9
2200       0     33      1     74      0      0    108   53.8
2300       0      0     23     50      0      0     73   57.1
0000       0     49     10     28      0      0     87   61.0
0100       0      0      0     98      0      0     98   65.4
0200       0      5     70      1      0      0     76   68.8
0300       0     18     27      0      0      0     45   70.9
0400       0      0     32      5      1      1     39   72.6
0500       0      1      6     10      3      3     23   73.6
0600       0      1     71     14      0      0     86   77.5
0700       0      0      0    152      0      0    152   84.3
0800       0      0      0    112      0      0    112   89.4
0900       0      0      1      2     78      7     88   93.3
1000       0      0      0     42     19     26     87   97.3
1100       0      1      2     47     10      1     61  100.0
------------------------------------------------------
Total      0    224    516    835    472    176   2223


-------------- Q S O   R a t e   S u m m a r y ---------------------
Hour     160     80     40     20     15     10    Rate Total    Pct
--------------------------------------------------------------------
1200       0      0      0    162    105     47    314    314    6.2
1300       0      0      0    183     74     20    277    591   11.6
1400       0      0     14     46    177     10    247    838   16.5
1500       0      0      3     47    100    121    271   1109   21.8
1600       0      3     12    116     52      5    188   1297   25.5
1700       0      0     81     13     59     76    229   1526   30.0
1800       0      0      0     85    140     28    253   1779   35.0
1900       0      1     74     21    140     29    265   2044   40.2
2000       0      3    138      0     81      7    229   2273   44.7
2100       0    109     21    124      6      3    263   2536   49.8
2200       0     34    119     90      7      1    251   2787   54.8
2300       0    119     45     62      0      0    226   3013   59.2
0000       0     49     45    149      0      0    243   3256   64.0
0100       0      0    153     98      0      0    251   3507   68.9
0200       0     85     72      9      1      0    167   3674   72.2
0300       0     57     70      1      2      0    130   3804   74.8
0400       0      3     79     14      2      2    100   3904   76.7
0500       0      1     78     21      6      3    109   4013   78.9
0600       0      1     71     55     19      1    147   4160   81.8
0700       0      0     40    152     18      3    213   4373   85.9
0800       0      0      1    112     56     10    179   4552   89.5
0900       0      0      1     73     78     82    234   4786   94.1
1000       0      0      1    105     23     29    158   4944   97.2
1100       0      1     30     84     20      9    144   5088  100.0
------------------------------------------------------
Total      0    466   1148   1822   1166    486   5088

Gross QSOs=5174        Dupes=86        Net QSOs=5088

Unique callsigns worked = 2583

The best 60 minute rate was 349/hour from 1935 to 2034
The best 30 minute rate was 438/hour from 1228 to 1257
The best 10 minute rate was 516/hour from 1229 to 1238

The best 1 minute rates were:
13 QSOs/minute    1 times.
12 QSOs/minute    0 times.
11 QSOs/minute    0 times.
10 QSOs/minute    8 times.
 9 QSOs/minute   23 times.
 8 QSOs/minute   26 times.
 7 QSOs/minute   60 times.
 6 QSOs/minute  125 times.
 5 QSOs/minute  189 times.
 4 QSOs/minute  222 times.
 3 QSOs/minute  316 times.
 2 QSOs/minute  231 times.
 1 QSOs/minute  167 times.

Number of letters in callsigns
Letters  # worked
-----------------
   3        31
   4      1855
   5      1981
   6      1170
   7        22
   8        21
   9         5
  10         2

------------ M u l t i p l i e r   S u m m a r y ------------
Mult     160     80     40     20     15     10  Total    Pct
-------------------------------------------------------------
28         0    207    472    772    515    328   2294   45.1
08         0     20    178    325    234      1    758   14.9
27         0    121    208    108     84     67    588   11.6
29         0     44    108    236     83     26    497    9.8
18         0     18     36     60     11      2    127    2.5
07         0      0      9     54     54      0    117    2.3
30         0      3     21     42     23      1     90    1.8
37         0      3     22     19     20      5     69    1.4
04         0      2     11     34     16      0     63    1.2
06         0      1      2     30     14      0     47    0.9
11         0      0      9     11     13      3     36    0.7
39         0      1      4     14      9      2     30    0.6
09         0      1      7     14      8      0     30    0.6
15         0      0      2      8      9      1     20    0.4
14         0      0      1      5      5      4     15    0.3
12         0      1      3      5      2      3     14    0.3
R1         0      3      3      2      3      1     12    0.2
FRR        0      2      2      2      2      2     10    0.2
PZK        0      2      2      2      2      2     10    0.2
ZRS        0      2      2      2      2      2     10    0.2
HRS        0      2      2      2      2      2     10    0.2
31         0      0      0      8      2      0     10    0.2
URE        0      2      2      2      2      2     10    0.2
SRS        0      2      2      2      1      2      9    0.2
DARC       0      2      2      1      2      2      9    0.2
MRASZ      0      2      2      2      1      2      9    0.2
BFRA       0      1      2      2      2      2      9    0.2
SSA        0      2      2      2      0      2      8    0.2
SRR        0      2      2      2      1      1      8    0.2
78         0      1      2      2      2      1      8    0.2
SRAL       0      2      2      2      1      1      8    0.2
BFRR       0      1      2      2      1      1      7    0.1
USKA       0      2      1      2      0      2      7    0.1
UBA        0      2      2      1      1      1      7    0.1
32         0      0      0      3      4      0      7    0.1
RSGB       0      2      1      1      1      2      7    0.1
ARI        0      2      2      1      1      1      7    0.1
OV         0      1      1      2      1      1      6    0.1
REF        0      1      2      1      2      0      6    0.1
36         0      0      1      2      2      1      6    0.1
ARABH      0      0      1      1      1      2      5    0.1
02         0      0      0      5      0      0      5    0.1
EDR        0      1      2      1      1      0      5    0.1
49         0      0      0      2      2      0      4    0.1
ERAU       0      0      1      1      1      1      4    0.1
17         0      1      1      2      0      0      4    0.1
VERON      0      2      1      0      1      0      4    0.1
IRTS       0      0      1      1      1      0      3    0.1
RSM        0      0      0      1      1      1      3    0.1
BARC       0      0      0      1      2      0      3    0.1
KFRR       0      0      1      1      1      0      3    0.1
AFVL       0      0      0      1      1      1      3    0.1
42         0      0      0      1      2      0      3    0.1
ROARS      0      0      0      1      1      1      3    0.1
44         0      0      0      1      2      0      3    0.1
45         0      0      0      0      3      0      3    0.1
NARL       0      0      0      0      1      1      2    0.0
57         0      0      0      1      1      0      2    0.0
52         0      0      0      1      0      1      2    0.0
RCA        0      0      0      0      1      1      2    0.0
TRAC       0      0      0      0      1      1      2    0.0
IRA        0      1      0      1      0      0      2    0.0
13         0      0      1      0      1      0      2    0.0
19         0      0      1      1      0      0      2    0.0
ARRL       0      0      1      1      0      0      2    0.0
10         0      0      1      1      0      0      2    0.0
ARAT       0      0      0      1      0      0      1    0.0
54         0      0      0      1      0      0      1    0.0
SARA       0      0      0      1      0      0      1    0.0
ARM        0      0      0      1      0      0      1    0.0
48         0      0      0      1      0      0      1    0.0
03         0      0      0      1      0      0      1    0.0
RCCR       0      0      0      0      1      0      1    0.0
MARP       0      0      1      0      0      0      1    0.0
AC         0      1      0      0      0      0      1    0.0
RCP        0      0      0      1      0      0      1    0.0
JARL       0      0      0      0      1      0      1    0.0
60         0      0      1      0      0      0      1    0.0
20         0      0      0      1      0      0      1    0.0
CRAC       0      0      0      0      1      0      1    0.0
75         0      0      0      1      0      0      1    0.0
------------------------------------------------------
Total      0    466   1148   1822   1166    486   5088

Multi-band QSOs
---------------
1 bands    1547
2 bands     532
3 bands     274
4 bands     137
5 bands      93
6 bands       0

------- S i n g l e   B a n d   Q S O s ------
Band    160     80     40     20     15     10
----------------------------------------------
QSOs      0     80    339    729    322     77
