Cabrillo Statistics           (Version 10g)           by K5KA & N6TV
http://bit.ly/cabstat

CONTEST: IARU-HF
CALLSIGN: MB5Z
CATEGORY-OPERATOR: MULTI-OP
CATEGORY-TRANSMITTER: TWO
OPERATORS: W4IPC

**  1  ****** Q S O   R a t e   S u m m a r y **************

Hour     160     80     40     20     15     10  Total    Pct
-------------------------------------------------------------
1200       0      0      0    122      0     46    168    6.0
1300       0      0      0    163      0     19    182   12.4
1400       0      0      0    146      0     14    160   18.1
1500       0      0      0     79     38     31    148   23.4
1600       0      0      0    114      0      0    114   27.4
1700       0      0     26    117      0      0    143   32.5
1800       0      0      0    110      0     29    139   37.4
1900       0      0      0    169      0      0    169   43.4
2000       0     30      0     81      0      0    111   47.4
2100       0      0    134     31      0      0    165   53.2
2200       0     25      0     89      0      0    114   57.3
2300       0    167      0      0      0      0    167   63.2
0000       0     39      0     85      1      0    125   67.6
0100       0     57      0     51      0      0    108   71.5
0200       0     40      0     22      0      0     62   73.7
0300       0     20      0     26      4      0     50   75.5
0400       0     14      0     30      0      0     44   77.0
0500       0      0      0     82      3      1     86   80.1
0600       0      0      0     81      0      3     84   83.1
0700       0      0      0     89      6      1     96   86.5
0800       0      0      0    113      0      6    119   90.7
0900       0      0      3     16     68      0     87   93.8
1000       0      0      0      0    103      0    103   97.4
1100       0      0      1      0     67      4     72  100.0
------------------------------------------------------
Total      0    392    164   1816    290    154   2816


**  0  ****** Q S O   R a t e   S u m m a r y **************

Hour     160     80     40     20     15     10  Total    Pct
-------------------------------------------------------------
1200       0      0      0      0    148      0    148    5.9
1300       0      0      0      0    124      0    124   10.8
1400       0      0      0      0    148      0    148   16.7
1500       0      0      0      0     47     25     72   19.6
1600       0      0      0      0     65     21     86   23.0
1700       0      0      0      0     83      0     83   26.3
1800       0      0      0      0    168      0    168   33.0
1900       0      0      0      0     82      2     84   36.3
2000       0      0    198      0      3      0    201   44.3
2100       0      0     19     81      9      2    111   48.8
2200       0      0     66      0     25      2     93   52.5
2300       0      0    134      0      0      0    134   57.8
0000       0      0     93      0      0      0     93   61.5
0100       0      0    131      0      0      0    131   66.7
0200       0      0     84      0      0      0     84   70.1
0300       0      0    105      0      0      0    105   74.2
0400       0      0     83      0      0      0     83   77.5
0500       0      0     73      0      9      0     82   80.8
0600       0      0     26      0     10      0     36   82.2
0700       0      0     52      0     20      0     72   85.1
0800       0      0      0      0     45     50     95   88.9
0900       0      0      0     75      0     28    103   93.0
1000       0      0      0     87      0      0     87   96.5
1100       0      0      0     89      0      0     89  100.0
------------------------------------------------------
Total      0      0   1064    332    986    130   2512


-------------- Q S O   R a t e   S u m m a r y ---------------------
Hour     160     80     40     20     15     10    Rate Total    Pct
--------------------------------------------------------------------
1200       0      0      0    122    148     46    316    316    5.9
1300       0      0      0    163    124     19    306    622   11.7
1400       0      0      0    146    148     14    308    930   17.5
1500       0      0      0     79     85     56    220   1150   21.6
1600       0      0      0    114     65     21    200   1350   25.3
1700       0      0     26    117     83      0    226   1576   29.6
1800       0      0      0    110    168     29    307   1883   35.3
1900       0      0      0    169     82      2    253   2136   40.1
2000       0     30    198     81      3      0    312   2448   45.9
2100       0      0    153    112      9      2    276   2724   51.1
2200       0     25     66     89     25      2    207   2931   55.0
2300       0    167    134      0      0      0    301   3232   60.7
0000       0     39     93     85      1      0    218   3450   64.8
0100       0     57    131     51      0      0    239   3689   69.2
0200       0     40     84     22      0      0    146   3835   72.0
0300       0     20    105     26      4      0    155   3990   74.9
0400       0     14     83     30      0      0    127   4117   77.3
0500       0      0     73     82     12      1    168   4285   80.4
0600       0      0     26     81     10      3    120   4405   82.7
0700       0      0     52     89     26      1    168   4573   85.8
0800       0      0      0    113     45     56    214   4787   89.8
0900       0      0      3     91     68     28    190   4977   93.4
1000       0      0      0     87    103      0    190   5167   97.0
1100       0      0      1     89     67      4    161   5328  100.0
------------------------------------------------------
Total      0    392   1228   2148   1276    284   5328

Gross QSOs=5417        Dupes=89        Net QSOs=5328

Unique callsigns worked = 2583

The best 60 minute rate was 334/hour from 1226 to 1325
The best 30 minute rate was 386/hour from 2010 to 2039
The best 10 minute rate was 444/hour from 2017 to 2026

The best 1 minute rates were:
11 QSOs/minute    2 times.
10 QSOs/minute    2 times.
 9 QSOs/minute   12 times.
 8 QSOs/minute   29 times.
 7 QSOs/minute   90 times.
 6 QSOs/minute  131 times.
 5 QSOs/minute  195 times.
 4 QSOs/minute  287 times.
 3 QSOs/minute  280 times.
 2 QSOs/minute  205 times.
 1 QSOs/minute  157 times.

Number of letters in callsigns
Letters  # worked
-----------------
   3        39
   4      2105
   5      2010
   6      1117
   7        28
   8        21
   9         6
  10         2

------------ M u l t i p l i e r   S u m m a r y ------------
Mult     160     80     40     20     15     10  Total    Pct
-------------------------------------------------------------
28         0    147    465    867    566    184   2229   41.8
08         0     22    227    356    225      0    830   15.6
29         0     46    143    313    106     16    624   11.7
27         0    110    183    169    105     45    612   11.5
18         0     15     48     59     22      1    145    2.7
07         0      0     15     63     52      0    130    2.4
30         0      3     24     54     32      3    116    2.2
04         0      1     14     35     17      0     67    1.3
37         0      3     16     25     14      2     60    1.1
06         0      0      0     27     29      0     56    1.1
09         0      0     12     18      9      0     39    0.7
11         0      0      9     15      8      1     33    0.6
39         0      1      7     16      5      1     30    0.6
31         0      0      1      9      6      0     16    0.3
32         0      0      1     10      3      0     14    0.3
15         0      0      5      6      1      0     12    0.2
HRS        0      2      2      2      2      2     10    0.2
ZRS        0      2      2      2      2      2     10    0.2
R1         0      1      2      3      3      1     10    0.2
RSGB       0      2      2      2      2      2     10    0.2
FRR        0      2      2      2      2      2     10    0.2
SRS        0      2      2      2      2      2     10    0.2
MRASZ      0      2      2      2      2      2     10    0.2
URE        0      2      2      2      2      2     10    0.2
PZK        0      2      1      2      2      2      9    0.2
BFRA       0      1      2      3      2      1      9    0.2
SRR        0      2      2      2      2      1      9    0.2
12         0      0      2      3      3      1      9    0.2
14         0      0      1      6      1      1      9    0.2
OV         0      1      1      2      2      2      8    0.2
ARABH      0      2      1      2      1      2      8    0.2
USKA       0      2      1      2      2      1      8    0.2
DARC       0      2      2      2      2      0      8    0.2
SRAL       0      2      2      2      1      0      7    0.1
REF        0      2      1      1      2      1      7    0.1
44         0      0      0      3      3      0      6    0.1
BFRR       0      2      1      2      1      0      6    0.1
ARI        0      2      2      1      1      0      6    0.1
SSA        0      1      2      2      1      0      6    0.1
02         0      0      0      5      1      0      6    0.1
VERON      0      2      2      0      1      1      6    0.1
UBA        0      2      1      1      2      0      6    0.1
EDR        0      1      2      2      1      0      6    0.1
IRA        0      1      2      2      1      0      6    0.1
03         0      0      0      3      2      0      5    0.1
36         0      1      1      2      1      0      5    0.1
AC         0      0      1      3      0      0      4    0.1
45         0      0      0      1      3      0      4    0.1
17         0      0      1      2      1      0      4    0.1
BARC       0      0      0      2      2      0      4    0.1
IARU       0      0      1      2      1      0      4    0.1
KFRR       0      0      1      2      1      0      4    0.1
ERAU       0      0      1      1      0      1      3    0.1
42         0      0      0      2      1      0      3    0.1
AFVL       0      1      1      1      0      0      3    0.1
49         0      0      0      2      1      0      3    0.1
19         0      0      1      2      0      0      3    0.1
60         0      0      1      2      0      0      3    0.1
41         0      0      0      1      1      0      2    0.0
57         0      0      0      0      1      1      2    0.0
NARL       0      0      0      0      1      1      2    0.0
ARAT       0      0      0      1      1      0      2    0.0
48         0      0      0      1      1      0      2    0.0
MARP       0      0      1      1      0      0      2    0.0
RCP        0      0      0      1      1      0      2    0.0
IRTS       0      0      1      1      0      0      2    0.0
3N         0      0      1      0      1      0      2    0.0
58         0      0      1      0      1      0      2    0.0
RSM        0      0      0      1      1      0      2    0.0
AH         0      0      0      0      1      0      1    0.0
SHRAK      0      0      0      0      1      0      1    0.0
ROARS      0      0      0      1      0      0      1    0.0
REP        0      0      0      1      0      0      1    0.0
SARS       0      0      0      1      0      0      1    0.0
61         0      0      0      1      0      0      1    0.0
75         0      0      0      1      0      0      1    0.0
RCA        0      0      0      0      1      0      1    0.0
RAST       0      0      0      1      0      0      1    0.0
ARRL       0      0      0      1      0      0      1    0.0
10         0      0      0      1      0      0      1    0.0
55         0      0      1      0      0      0      1    0.0
TRAC       0      0      0      1      0      0      1    0.0
43         0      0      0      0      1      0      1    0.0
20         0      0      0      1      0      0      1    0.0
53         0      0      0      0      1      0      1    0.0
------------------------------------------------------
Total      0    392   1228   2148   1276    284   5328

Multi-band QSOs
---------------
1 bands    1406
2 bands     584
3 bands     358
4 bands     155
5 bands      80
6 bands       0

------- S i n g l e   B a n d   Q S O s ------
Band    160     80     40     20     15     10
----------------------------------------------
QSOs      0     43    276    801    250     36
