Cabrillo Statistics           (Version 10g)           by K5KA & N6TV
http://bit.ly/cabstat

CONTEST: IARU-HF
CALLSIGN: MB7D
CATEGORY-OPERATOR: MULTI-OP
CATEGORY-TRANSMITTER: TWO
OPERATORS: LZ3FN, LZ4AX

**  0  ****** Q S O   R a t e   S u m m a r y **************

Hour     160     80     40     20     15     10  Total    Pct
-------------------------------------------------------------
1200       0      0      0    158      0      0    158    6.7
1300       0      0      0    177      0      0    177   14.3
1400       0      0      0    172      0      0    172   21.6
1500       0      0      0     74      0      0     74   24.8
1600       0      0      0    131      0      0    131   30.4
1700       0      0      0     67      0      0     67   33.3
1800       0      0      0    106      0      0    106   37.8
1900       0      0      0    100      0      0    100   42.1
2000       0      0      0    171      0      0    171   49.4
2100       0      0      0    141      0      0    141   55.4
2200       0      0      0     31      0      0     31   56.7
2300       0      0     65     42      0      0    107   61.3
0000       0      0    129      0      0      0    129   66.8
0100       0      0    130      0      0      0    130   72.3
0200       0      0     83      0      0      0     83   75.9
0300       0      0     16     24      0      0     40   77.6
0400       0      0      0     33      0      0     33   79.0
0500       0      0      0     33      3      0     36   80.5
0600       0      0      0     45     19      0     64   83.3
0700       0      0      0      0     40      2     42   85.1
0800       0      0      0      0     29     30     59   87.6
0900       0      0      0      0    105      6    111   92.3
1000       0      0      0      0    117      0    117   97.3
1100       0      0      0      0     62      1     63  100.0
------------------------------------------------------
Total      0      0    423   1505    375     39   2342


**  1  ****** Q S O   R a t e   S u m m a r y **************

Hour     160     80     40     20     15     10  Total    Pct
-------------------------------------------------------------
1200       0      0     12      0     61     68    141    5.3
1300       0      0      3      0     89      5     97    9.0
1400       0      0     17      0     90      6    113   13.3
1500       0      0     66      0     14     34    114   17.6
1600       0      0     63      0     67     12    142   22.9
1700       0      0     12      0     26     65    103   26.8
1800       0      0      0      0    148      2    150   32.5
1900       0      0      0      0     77      8     85   35.7
2000       0      0     84      0     61      0    145   41.1
2100       0     39    141      0      0      0    180   47.9
2200       0     42     87      0      0      0    129   52.8
2300       0    184      0      0      0      0    184   59.8
0000       0    123      0      0      0      0    123   64.4
0100       0     54      0     30      0      0     84   67.6
0200       0     12      0     70      0      0     82   70.7
0300       0     41     12      1      0      0     54   72.7
0400       0     17     71      0      0      0     88   76.0
0500       0      0     93      0      0      0     93   79.5
0600       0      2     66      3      2      2     75   82.4
0700       0      0      0     82      0      2     84   85.5
0800       0      0      0    101      0      1    102   89.4
0900       0      0      0     54      0     35     89   92.8
1000       0      0      0     16      0     64     80   95.8
1100       0      0      0     89      0     23    112  100.0
------------------------------------------------------
Total      0    514    727    446    635    327   2649


-------------- Q S O   R a t e   S u m m a r y ---------------------
Hour     160     80     40     20     15     10    Rate Total    Pct
--------------------------------------------------------------------
1200       0      0     12    158     61     68    299    299    6.0
1300       0      0      3    177     89      5    274    573   11.5
1400       0      0     17    172     90      6    285    858   17.2
1500       0      0     66     74     14     34    188   1046   21.0
1600       0      0     63    131     67     12    273   1319   26.4
1700       0      0     12     67     26     65    170   1489   29.8
1800       0      0      0    106    148      2    256   1745   35.0
1900       0      0      0    100     77      8    185   1930   38.7
2000       0      0     84    171     61      0    316   2246   45.0
2100       0     39    141    141      0      0    321   2567   51.4
2200       0     42     87     31      0      0    160   2727   54.6
2300       0    184     65     42      0      0    291   3018   60.5
0000       0    123    129      0      0      0    252   3270   65.5
0100       0     54    130     30      0      0    214   3484   69.8
0200       0     12     83     70      0      0    165   3649   73.1
0300       0     41     28     25      0      0     94   3743   75.0
0400       0     17     71     33      0      0    121   3864   77.4
0500       0      0     93     33      3      0    129   3993   80.0
0600       0      2     66     48     21      2    139   4132   82.8
0700       0      0      0     82     40      4    126   4258   85.3
0800       0      0      0    101     29     31    161   4419   88.5
0900       0      0      0     54    105     41    200   4619   92.5
1000       0      0      0     16    117     64    197   4816   96.5
1100       0      0      0     89     62     24    175   4991  100.0
------------------------------------------------------
Total      0    514   1150   1951   1010    366   4991

Gross QSOs=5119        Dupes=128        Net QSOs=4991

Unique callsigns worked = 2405

The best 60 minute rate was 364/hour from 2039 to 2138
The best 30 minute rate was 410/hour from 2039 to 2108
The best 10 minute rate was 456/hour from 2053 to 2102

The best 1 minute rates were:
11 QSOs/minute    1 times.
10 QSOs/minute    2 times.
 9 QSOs/minute    7 times.
 8 QSOs/minute   38 times.
 7 QSOs/minute   76 times.
 6 QSOs/minute  134 times.
 5 QSOs/minute  178 times.
 4 QSOs/minute  224 times.
 3 QSOs/minute  265 times.
 2 QSOs/minute  242 times.
 1 QSOs/minute  192 times.

Number of letters in callsigns
Letters  # worked
-----------------
   3        30
   4      1898
   5      1918
   6      1079
   7        26
   8        25
   9         8
  10         7

------------ M u l t i p l i e r   S u m m a r y ------------
Mult     160     80     40     20     15     10  Total    Pct
-------------------------------------------------------------
28         0    212    463    789    432    230   2126   42.6
08         0     27    198    323    175      1    724   14.5
27         0    133    161    133     81     61    569   11.4
29         0     54    133    257     82     27    553   11.1
18         0     24     43     68     27      4    166    3.3
30         0      5     23     48     28      4    108    2.2
07         0      0     12     51     25      0     88    1.8
37         0      5     17     35     15     10     82    1.6
04         0      1     14     32     14      0     61    1.2
06         0      0      1     31     16      0     48    1.0
11         0      2      8     14     11      0     35    0.7
09         0      3      7     16      7      0     33    0.7
39         0      1      3     17      5      1     27    0.5
31         0      0      1      7     10      0     18    0.4
32         0      0      1     12      5      0     18    0.4
R1         0      3      3      3      2      1     12    0.2
15         0      0      4      2      5      0     11    0.2
PZK        0      2      2      2      2      2     10    0.2
URE        0      2      2      2      2      2     10    0.2
HRS        0      2      2      2      2      2     10    0.2
ZRS        0      2      2      2      2      2     10    0.2
SRS        0      2      2      2      2      2     10    0.2
RSGB       0      2      2      2      2      1      9    0.2
BFRR       0      2      2      2      2      1      9    0.2
FRR        0      2      2      2      2      1      9    0.2
BFRA       0      1      2      2      2      2      9    0.2
SSA        0      1      2      2      2      1      8    0.2
MRASZ      0      2      2      2      1      1      8    0.2
DARC       0      2      2      1      1      2      8    0.2
REF        0      2      2      2      2      0      8    0.2
OV         0      2      2      2      2      0      8    0.2
SRAL       0      2      2      2      2      0      8    0.2
44         0      0      0      7      1      0      8    0.2
SRR        0      2      2      2      1      0      7    0.1
45         0      0      0      6      1      0      7    0.1
36         0      1      0      3      2      1      7    0.1
USKA       0      2      2      2      1      0      7    0.1
ARABH      0      1      1      2      1      2      7    0.1
02         0      0      0      6      1      0      7    0.1
17         0      2      0      4      0      0      6    0.1
AC         0      0      1      3      1      1      6    0.1
UBA        0      1      2      1      1      1      6    0.1
VERON      0      2      2      0      1      1      6    0.1
ERAU       0      0      1      2      1      1      5    0.1
IRTS       0      2      1      1      1      0      5    0.1
ARI        0      1      2      1      1      0      5    0.1
IRA        0      1      1      2      1      0      5    0.1
EDR        0      1      2      1      0      0      4    0.1
RCA        0      0      0      1      2      1      4    0.1
BARC       0      0      0      2      2      0      4    0.1
49         0      0      0      2      2      0      4    0.1
12         0      0      2      2      0      0      4    0.1
KFRR       0      0      0      2      1      0      3    0.1
19         0      0      1      2      0      0      3    0.1
41         0      0      1      1      1      0      3    0.1
60         0      0      1      2      0      0      3    0.1
RSM        0      0      1      1      1      0      3    0.1
75         0      0      0      3      0      0      3    0.1
14         0      0      0      1      2      0      3    0.1
IARU       0      0      1      1      1      0      3    0.1
ARRL       0      0      1      1      1      0      3    0.1
54         0      0      1      0      2      0      3    0.1
ARAT       0      0      0      1      1      0      2    0.0
53         0      0      0      1      1      0      2    0.0
RAST       0      0      0      2      0      0      2    0.0
48         0      0      0      1      1      0      2    0.0
61         0      0      0      1      1      0      2    0.0
52         0      0      0      1      1      0      2    0.0
RCP        0      0      0      2      0      0      2    0.0
10         0      0      1      1      0      0      2    0.0
SARS       0      0      0      1      1      0      2    0.0
AFVL       0      0      0      1      0      0      1    0.0
KARL       0      0      0      1      0      0      1    0.0
REP        0      0      0      1      0      0      1    0.0
57         0      0      0      0      1      0      1    0.0
ROARS      0      0      0      0      1      0      1    0.0
46         0      0      0      1      0      0      1    0.0
03         0      0      0      1      0      0      1    0.0
01         0      0      0      0      1      0      1    0.0
ARM        0      0      0      1      0      0      1    0.0
CRAC       0      0      0      1      0      0      1    0.0
MARP       0      0      1      0      0      0      1    0.0
GRC        0      0      0      1      0      0      1    0.0
20         0      0      0      1      0      0      1    0.0
58         0      0      0      0      1      0      1    0.0
PARA       0      0      0      0      1      0      1    0.0
NARL       0      0      0      0      1      0      1    0.0
------------------------------------------------------
Total      0    514   1150   1951   1010    366   4991

Multi-band QSOs
---------------
1 bands    1302
2 bands     551
3 bands     294
4 bands     167
5 bands      91
6 bands       0

------- S i n g l e   B a n d   Q S O s ------
Band    160     80     40     20     15     10
----------------------------------------------
QSOs      0     57    273    741    187     44
