Cabrillo Statistics           (Version 10g)           by K5KA & N6TV
http://bit.ly/cabstat

CONTEST: IARU-HF
CALLSIGN: MB7F
CATEGORY-OPERATOR: MULTI-OP
CATEGORY-TRANSMITTER: TWO
OPERATORS: SP5Y SQ9ORQ

**  1  ****** Q S O   R a t e   S u m m a r y **************

Hour     160     80     40     20     15     10  Total    Pct
-------------------------------------------------------------
1200       0      0      0    200      0      0    200    9.2
1300       0      0      0     45     80      0    125   14.9
1400       0      0      0      0    110     32    142   21.4
1500       0      0      0     51      0     36     87   25.4
1600       0      0      6     45     80      0    131   31.4
1700       0      0      0      8     72      0     80   35.1
1800       0      0      0     60      0     38     98   39.6
1900       0      0      0     73      0     26     99   44.1
2000       0      0      0     50     50      0    100   48.7
2100       0    118      0      0      2      7    127   54.5
2200       0     39    103      0      0      0    142   61.0
2300       0      0    112      0      0      0    112   66.1
0000       0      0     20     81      0      0    101   70.8
0100       0      0      0     37      0      0     37   72.5
0200       0      8      6     26      0      0     40   74.3
0300       0     48      0      0      0      0     48   76.5
0400       0      0     57      4      0      0     61   79.3
0500       0      1      0     39      0      0     40   81.1
0600       0      0     57     11      4      0     72   84.4
0700       0      0     20      0     22      1     43   86.4
0800       0      0      0     48     15     10     73   89.7
0900       0      0      0    115      0      0    115   95.0
1000       0      0      0     30     34      1     65   98.0
1100       0      0      0      0     43      1     44  100.0
------------------------------------------------------
Total      0    214    381    923    512    152   2182


**  0  ****** Q S O   R a t e   S u m m a r y **************

Hour     160     80     40     20     15     10  Total    Pct
-------------------------------------------------------------
1200       0      0      0      0    153      0    153    5.4
1300       0      0      0    123     42      0    165   11.2
1400       0      0      0    169      0      0    169   17.1
1500       0      0      2     11     76      6     95   20.5
1600       0      0     62     84      0      0    146   25.6
1700       0      0      0     78      0     66    144   30.7
1800       0      0      0      0    116     40    156   36.2
1900       0      0     41      0     74      5    120   40.4
2000       0      0      0     70     32      0    102   44.0
2100       0      0     82     33     18      0    133   48.6
2200       0      0      0    138      0      0    138   53.5
2300       0      0      0    106      0      0    106   57.2
0000       0     61     31     33      0      0    125   61.6
0100       0      5     94      0      0      0     99   65.1
0200       0     47     81      0      0      0    128   69.6
0300       0      0     60      7      0      0     67   72.0
0400       0     36     26     16      0      0     78   74.7
0500       0      0    107      0     10      1    118   78.9
0600       0      0     62     23     12      3    100   82.4
0700       0      0      0    150      0      0    150   87.7
0800       0      0      9     24     82      2    117   91.8
0900       0      0     18      0     61     20     99   95.3
1000       0      0      8     61      2      8     79   98.0
1100       0      0      0     56      0      0     56  100.0
------------------------------------------------------
Total      0    149    683   1182    678    151   2843


-------------- Q S O   R a t e   S u m m a r y ---------------------
Hour     160     80     40     20     15     10    Rate Total    Pct
--------------------------------------------------------------------
1200       0      0      0    200    153      0    353    353    7.0
1300       0      0      0    168    122      0    290    643   12.8
1400       0      0      0    169    110     32    311    954   19.0
1500       0      0      2     62     76     42    182   1136   22.6
1600       0      0     68    129     80      0    277   1413   28.1
1700       0      0      0     86     72     66    224   1637   32.6
1800       0      0      0     60    116     78    254   1891   37.6
1900       0      0     41     73     74     31    219   2110   42.0
2000       0      0      0    120     82      0    202   2312   46.0
2100       0    118     82     33     20      7    260   2572   51.2
2200       0     39    103    138      0      0    280   2852   56.8
2300       0      0    112    106      0      0    218   3070   61.1
0000       0     61     51    114      0      0    226   3296   65.6
0100       0      5     94     37      0      0    136   3432   68.3
0200       0     55     87     26      0      0    168   3600   71.6
0300       0     48     60      7      0      0    115   3715   73.9
0400       0     36     83     20      0      0    139   3854   76.7
0500       0      1    107     39     10      1    158   4012   79.8
0600       0      0    119     34     16      3    172   4184   83.3
0700       0      0     20    150     22      1    193   4377   87.1
0800       0      0      9     72     97     12    190   4567   90.9
0900       0      0     18    115     61     20    214   4781   95.1
1000       0      0      8     91     36      9    144   4925   98.0
1100       0      0      0     56     43      1    100   5025  100.0
------------------------------------------------------
Total      0    363   1064   2105   1190    303   5025

Gross QSOs=5092        Dupes=67        Net QSOs=5025

Unique callsigns worked = 2621

The best 60 minute rate was 370/hour from 1207 to 1306
The best 30 minute rate was 398/hour from 1222 to 1251
The best 10 minute rate was 438/hour from 1226 to 1235

The best 1 minute rates were:
11 QSOs/minute    2 times.
10 QSOs/minute    1 times.
 9 QSOs/minute   14 times.
 8 QSOs/minute   29 times.
 7 QSOs/minute   60 times.
 6 QSOs/minute  119 times.
 5 QSOs/minute  189 times.
 4 QSOs/minute  279 times.
 3 QSOs/minute  275 times.
 2 QSOs/minute  243 times.
 1 QSOs/minute  129 times.

Number of letters in callsigns
Letters  # worked
-----------------
   3        31
   4      1843
   5      1937
   6      1158
   7        24
   8        19
   9         5
  10         8

------------ M u l t i p l i e r   S u m m a r y ------------
Mult     160     80     40     20     15     10  Total    Pct
-------------------------------------------------------------
28         0    163    464    923    604    214   2368   47.1
08         0     14    158    375    196      0    743   14.8
27         0    105    158    156     91     45    555   11.0
29         0     26    109    276     95     12    518   10.3
18         0     12     50     56     14      1    133    2.6
07         0      0     10     55     34      0     99    2.0
30         0      0     19     39     20      0     78    1.6
04         0      1     12     33     15      0     61    1.2
37         0      3     12     26     17      2     60    1.2
06         0      0      0     27     17      0     44    0.9
39         0      1      5     15     10      0     31    0.6
09         0      0      8     14      5      0     27    0.5
11         0      0      5     12      6      0     23    0.5
31         0      0      1      7      7      0     15    0.3
R1         0      3      3      3      3      1     13    0.3
HRS        0      2      2      2      2      2     10    0.2
PZK        0      2      2      2      2      2     10    0.2
FRR        0      2      2      2      2      2     10    0.2
14         0      0      1      4      2      3     10    0.2
URE        0      2      2      2      2      1      9    0.2
ZRS        0      2      2      2      1      2      9    0.2
OV         0      2      2      2      2      1      9    0.2
DARC       0      2      2      2      2      1      9    0.2
RSGB       0      2      2      1      2      1      8    0.2
SRS        0      2      2      2      1      1      8    0.2
MRASZ      0      1      2      2      1      2      8    0.2
32         0      0      0      4      4      0      8    0.2
SSA        0      1      2      2      1      1      7    0.1
SRR        0      2      2      1      2      0      7    0.1
BFRA       0      1      2      1      2      1      7    0.1
12         0      1      0      2      2      2      7    0.1
BFRR       0      1      2      2      1      1      7    0.1
15         0      0      4      2      1      0      7    0.1
ARABH      0      1      1      2      1      1      6    0.1
USKA       0      1      1      2      1      1      6    0.1
02         0      0      0      6      0      0      6    0.1
UBA        0      2      2      0      1      1      6    0.1
REF        0      1      2      2      0      0      5    0.1
19         0      0      1      2      1      0      4    0.1
UN         0      0      0      2      1      1      4    0.1
17         0      0      0      4      0      0      4    0.1
SRAL       0      1      2      1      0      0      4    0.1
36         0      0      0      1      2      1      4    0.1
IRA        0      1      0      1      2      0      4    0.1
VERON      0      2      1      0      1      0      4    0.1
EDR        0      1      2      1      0      0      4    0.1
53         0      0      0      0      3      0      3    0.1
BARC       0      0      1      1      1      0      3    0.1
44         0      0      0      2      1      0      3    0.1
ERAU       0      0      1      1      1      0      3    0.1
54         0      0      0      2      0      0      2    0.0
ARI        0      0      1      0      1      0      2    0.0
KFRR       0      0      0      1      1      0      2    0.0
49         0      0      0      1      1      0      2    0.0
60         0      0      1      1      0      0      2    0.0
ROARS      0      0      0      1      1      0      2    0.0
57         0      0      0      0      1      0      1    0.0
ARAT       0      0      0      1      0      0      1    0.0
20         0      0      0      1      0      0      1    0.0
UARL       0      0      0      1      0      0      1    0.0
U8         0      0      0      1      0      0      1    0.0
REP        0      0      0      1      0      0      1    0.0
AFVL       0      0      0      1      0      0      1    0.0
ARM        0      0      0      1      0      0      1    0.0
75         0      0      0      1      0      0      1    0.0
SARS       0      0      0      1      0      0      1    0.0
CRAC       0      0      0      1      0      0      1    0.0
41         0      0      0      1      0      0      1    0.0
ARRL       0      0      0      1      0      0      1    0.0
RSM        0      0      0      1      0      0      1    0.0
88         0      0      1      0      0      0      1    0.0
10         0      0      0      1      0      0      1    0.0
RCP        0      0      0      1      0      0      1    0.0
RCCR       0      0      0      1      0      0      1    0.0
42         0      0      0      1      0      0      1    0.0
ARUKR      0      0      0      0      1      0      1    0.0
50         0      0      0      0      1      0      1    0.0
NARL       0      0      0      0      1      0      1    0.0
------------------------------------------------------
Total      0    363   1064   2105   1190    303   5025

Multi-band QSOs
---------------
1 bands    1562
2 bands     570
3 bands     286
4 bands     128
5 bands      75
6 bands       0

------- S i n g l e   B a n d   Q S O s ------
Band    160     80     40     20     15     10
----------------------------------------------
QSOs      0     64    258    903    305     32
