Cabrillo Statistics           (Version 10g)           by K5KA & N6TV
http://bit.ly/cabstat

CONTEST: IARU-HF
CALLSIGN: MB7G
CATEGORY-OPERATOR: MULTI-OP
CATEGORY-TRANSMITTER: TWO
OPERATORS: N9NB W9RE

**  0  ****** Q S O   R a t e   S u m m a r y **************

Hour     160     80     40     20     15     10  Total    Pct
-------------------------------------------------------------
1200       0      0      0    126      0      0    126    3.1
1300       0      0      0    101      0      8    109    5.8
1400       0      0      0     87      0      0     87    8.0
1500       0      0      1     67     15      0     83   10.1
1600       0      0      0    117     32     20    169   14.3
1700       0      0      0    118     13     90    221   19.8
1800       0      0      0    102     44    115    261   26.2
1900       0      0    118     26    108      5    257   32.6
2000       0      0    115      0     88      4    207   37.8
2100       0    150     73     84      0      0    307   45.4
2200       0     71     60     29      0      0    160   49.4
2300       0     85    116      0      0      0    201   54.4
0000       0     99      8     98      0      0    205   59.5
0100       0     32     16     66      2      0    116   62.4
0200       0     35     76     89      0      0    200   67.3
0300       0     43     50     21      0      0    114   70.2
0400       0      0    116     15      1      0    132   73.4
0500       0      0     64     36      3      0    103   76.0
0600       0      0     77     77      2      0    156   79.9
0700       0      0      0     53     52      8    113   82.7
0800       0      0      0    110    110      8    228   88.3
0900       0      0      0     18     72     58    148   92.0
1000       0      0      0    104      3     52    159   96.0
1100       0      0      0     55     96     11    162  100.0
------------------------------------------------------
Total      0    515    890   1599    641    379   4024


**  1  ****** Q S O   R a t e   S u m m a r y **************

Hour     160     80     40     20     15     10  Total    Pct
-------------------------------------------------------------
1200       0      0      0      0    120      0    120   30.1
1300       0      0      0      0    101      0    101   55.4
1400       0      0      0      0    106      0    106   82.0
1500       0      0      0      0     72      0     72  100.0
1600       0      0      0      0      0      0      0  100.0
1700       0      0      0      0      0      0      0  100.0
1800       0      0      0      0      0      0      0  100.0
1900       0      0      0      0      0      0      0  100.0
2000       0      0      0      0      0      0      0  100.0
2100       0      0      0      0      0      0      0  100.0
2200       0      0      0      0      0      0      0  100.0
2300       0      0      0      0      0      0      0  100.0
0000       0      0      0      0      0      0      0  100.0
0100       0      0      0      0      0      0      0  100.0
0200       0      0      0      0      0      0      0  100.0
0300       0      0      0      0      0      0      0  100.0
0400       0      0      0      0      0      0      0  100.0
0500       0      0      0      0      0      0      0  100.0
0600       0      0      0      0      0      0      0  100.0
0700       0      0      0      0      0      0      0  100.0
0800       0      0      0      0      0      0      0  100.0
0900       0      0      0      0      0      0      0  100.0
1000       0      0      0      0      0      0      0  100.0
1100       0      0      0      0      0      0      0  100.0
------------------------------------------------------
Total      0      0      0      0    399      0    399


-------------- Q S O   R a t e   S u m m a r y ---------------------
Hour     160     80     40     20     15     10    Rate Total    Pct
--------------------------------------------------------------------
1200       0      0      0    126    120      0    246    246    5.6
1300       0      0      0    101    101      8    210    456   10.3
1400       0      0      0     87    106      0    193    649   14.7
1500       0      0      1     67     87      0    155    804   18.2
1600       0      0      0    117     32     20    169    973   22.0
1700       0      0      0    118     13     90    221   1194   27.0
1800       0      0      0    102     44    115    261   1455   32.9
1900       0      0    118     26    108      5    257   1712   38.7
2000       0      0    115      0     88      4    207   1919   43.4
2100       0    150     73     84      0      0    307   2226   50.3
2200       0     71     60     29      0      0    160   2386   53.9
2300       0     85    116      0      0      0    201   2587   58.5
0000       0     99      8     98      0      0    205   2792   63.1
0100       0     32     16     66      2      0    116   2908   65.7
0200       0     35     76     89      0      0    200   3108   70.3
0300       0     43     50     21      0      0    114   3222   72.8
0400       0      0    116     15      1      0    132   3354   75.8
0500       0      0     64     36      3      0    103   3457   78.2
0600       0      0     77     77      2      0    156   3613   81.7
0700       0      0      0     53     52      8    113   3726   84.2
0800       0      0      0    110    110      8    228   3954   89.4
0900       0      0      0     18     72     58    148   4102   92.7
1000       0      0      0    104      3     52    159   4261   96.3
1100       0      0      0     55     96     11    162   4423  100.0
------------------------------------------------------
Total      0    515    890   1599   1040    379   4423

Gross QSOs=4522        Dupes=99        Net QSOs=4423

Unique callsigns worked = 2204

The best 60 minute rate was 307/hour from 2056 to 2155
The best 30 minute rate was 352/hour from 2105 to 2134
The best 10 minute rate was 396/hour from 1243 to 1252

The best 1 minute rates were:
 9 QSOs/minute    4 times.
 8 QSOs/minute   13 times.
 7 QSOs/minute   44 times.
 6 QSOs/minute   95 times.
 5 QSOs/minute  141 times.
 4 QSOs/minute  266 times.
 3 QSOs/minute  291 times.
 2 QSOs/minute  272 times.
 1 QSOs/minute  219 times.

Number of letters in callsigns
Letters  # worked
-----------------
   3        36
   4      1869
   5      1639
   6       839
   7        17
   8        14
   9         6
  10         3

------------ M u l t i p l i e r   S u m m a r y ------------
Mult     160     80     40     20     15     10  Total    Pct
-------------------------------------------------------------
28         0    202    351    583    438    255   1829   41.4
08         0     21    133    308    219      2    683   15.4
27         0    136    141    109     78     51    515   11.6
29         0     62    103    228     84     24    501   11.3
18         0     30     37     52     17      0    136    3.1
07         0      0     14     75     42      0    131    3.0
30         0      7     22     38     19      0     86    1.9
06         0      0      1     42     17      0     60    1.4
04         0      1      8     23     18      0     50    1.1
37         0      5      8     11      8      7     39    0.9
09         0      3      8     10     12      0     33    0.7
39         0      2      4      9     10      3     28    0.6
11         0      0      1     11      8      0     20    0.5
31         0      0      1      9      3      0     13    0.3
15         0      0      3      0      7      1     11    0.2
32         0      0      1      7      3      0     11    0.2
HRS        0      2      2      2      2      2     10    0.2
PZK        0      2      2      2      2      2     10    0.2
ZRS        0      2      2      2      2      2     10    0.2
SRS        0      2      2      2      2      2     10    0.2
URE        0      2      2      2      2      1      9    0.2
MRASZ      0      2      2      1      2      2      9    0.2
OV         0      1      2      2      2      2      9    0.2
R1         0      1      2      2      2      1      8    0.2
FRR        0      2      1      2      1      2      8    0.2
BFRA       0      1      2      2      2      1      8    0.2
DARC       0      2      2      1      2      1      8    0.2
SRR        0      2      2      2      1      1      8    0.2
ARI        0      1      2      1      1      2      7    0.2
RSGB       0      2      1      1      2      1      7    0.2
SRAL       0      1      2      2      0      2      7    0.2
12         0      0      2      4      1      0      7    0.2
SSA        0      1      2      2      1      1      7    0.2
REF        0      2      2      1      1      1      7    0.2
45         0      0      0      4      2      0      6    0.1
USKA       0      2      0      1      1      2      6    0.1
ARABH      0      1      1      1      1      2      6    0.1
BFRR       0      2      1      1      1      1      6    0.1
EDR        0      1      2      1      1      1      6    0.1
IRA        0      1      2      1      1      0      5    0.1
02         0      0      0      3      2      0      5    0.1
10         0      0      0      3      2      0      5    0.1
44         0      0      0      4      1      0      5    0.1
14         0      1      1      1      2      0      5    0.1
VERON      0      2      2      0      0      1      5    0.1
17         0      0      1      2      1      0      4    0.1
ARRL       0      0      1      1      2      0      4    0.1
UBA        0      2      1      1      0      0      4    0.1
ERAU       0      2      1      1      0      0      4    0.1
BARC       0      0      1      1      1      0      3    0.1
RSM        0      0      1      1      0      1      3    0.1
AC         0      0      1      2      0      0      3    0.1
89         0      1      0      0      1      0      2    0.0
ARAT       0      0      0      1      0      1      2    0.0
48         0      0      0      1      1      0      2    0.0
54         0      0      0      2      0      0      2    0.0
75         0      0      0      2      0      0      2    0.0
36         0      0      1      1      0      0      2    0.0
41         0      0      0      1      1      0      2    0.0
19         0      0      0      2      0      0      2    0.0
49         0      0      0      1      1      0      2    0.0
IARU       0      0      0      1      1      0      2    0.0
IRTS       0      2      0      0      0      0      2    0.0
60         0      0      1      1      0      0      2    0.0
SHRAK      0      0      0      0      1      0      1    0.0
57         0      0      0      0      1      0      1    0.0
LCRA       0      0      0      0      1      0      1    0.0
0V         0      0      0      1      0      0      1    0.0
16         0      0      0      0      1      0      1    0.0
NARL       0      0      0      0      0      1      1    0.0
46         0      0      0      1      0      0      1    0.0
03         0      0      0      1      0      0      1    0.0
50         0      0      1      0      0      0      1    0.0
61         0      0      0      1      0      0      1    0.0
GI         0      1      0      0      0      0      1    0.0
RCP        0      0      0      1      0      0      1    0.0
FRA        0      0      1      0      0      0      1    0.0
GRC        0      0      0      1      0      0      1    0.0
20         0      0      0      1      0      0      1    0.0
RCCR       0      0      0      1      0      0      1    0.0
58         0      0      0      0      1      0      1    0.0
ARM        0      0      0      1      0      0      1    0.0
42         0      0      0      0      1      0      1    0.0
------------------------------------------------------
Total      0    515    890   1599   1040    379   4423

Multi-band QSOs
---------------
1 bands    1179
2 bands     517
3 bands     259
4 bands     158
5 bands      91
6 bands       0

------- S i n g l e   B a n d   Q S O s ------
Band    160     80     40     20     15     10
----------------------------------------------
QSOs      0     77    181    615    241     65
