Cabrillo Statistics           (Version 10g)           by K5KA & N6TV
http://bit.ly/cabstat

CONTEST: IARU-HF
CALLSIGN: MB7K
CATEGORY-OPERATOR: MULTI-OP
CATEGORY-TRANSMITTER: TWO
OPERATORS: MB7K M/WA1Z JH5GHM @JH5GHM

**  2  ****** Q S O   R a t e   S u m m a r y **************

Hour     160     80     40     20     15     10  Total    Pct
-------------------------------------------------------------
1200       0      0      0      0    181      0    181    6.7
1300       0      0      0      0    124     16    140   11.9
1400       0      0      0      0     88     37    125   16.5
1500       0      0      0     20     61     34    115   20.8
1600       0      0      0    108     35     24    167   27.0
1700       0      0      0      0    100     72    172   33.4
1800       0      0      0      0    125     40    165   39.5
1900       0      1     62      0     69      8    140   44.7
2000       0      5    104     14     36      0    159   50.6
2100       0      0     18    141      4      0    163   56.6
2200       0      0     92     43      0      0    135   61.6
2300       0      0      1    149      0      0    150   67.2
0000       0     43      0     59      0      0    102   70.9
0100       0     59      0      7      0      0     66   73.4
0200       0     43      0     24      0      0     67   75.9
0300       0     27      0     22      0      0     49   77.7
0400       0     15      0     25      1      0     41   79.2
0500       0      0      0     51      1      0     52   81.1
0600       0      0     44     59      0      0    103   85.0
0700       0      0      0     60      0      6     66   87.4
0800       0      0      1     26      0     35     62   89.7
0900       0      0      0    127      0     27    154   95.4
1000       0      0      1      1     43     37     82   98.4
1100       0      0     18      0     15      9     42  100.0
------------------------------------------------------
Total      0    193    341    936    883    345   2698


**  1  ****** Q S O   R a t e   S u m m a r y **************

Hour     160     80     40     20     15     10  Total    Pct
-------------------------------------------------------------
1200       0      0      0    137      0     24    161    6.5
1300       0      0      0    188      0      0    188   14.2
1400       0      0      0    145      0      0    145   20.1
1500       0      0     22    114      0      0    136   25.6
1600       0      0    147      0      1      0    148   31.6
1700       0      0     15     60      0      0     75   34.7
1800       0      0     68     71      0      0    139   40.3
1900       0      0      0    107      0      0    107   44.7
2000       0     27      0     77      0      0    104   48.9
2100       0    156      0      0      0      0    156   55.2
2200       0    136      0      0      0      0    136   60.8
2300       0     45     51      0      0      0     96   64.7
0000       0      0    101      0      0      0    101   68.8
0100       0      0    100      0      0      0    100   72.8
0200       0      0     58      0      0      0     58   75.2
0300       0      0     90      0      0      0     90   78.9
0400       0      0     80      0      0      0     80   82.1
0500       0      0     61      0      0      0     61   84.6
0600       0      2      0      0     34      0     36   86.1
0700       0      0      0      0     36      0     36   87.5
0800       0      0      0      0     96      0     96   91.4
0900       0      0      0      0     58      0     58   93.8
1000       0      0     22     36      0      0     58   96.1
1100       0      0      0     95      0      0     95  100.0
------------------------------------------------------
Total      0    366    815   1030    225     24   2460


-------------- Q S O   R a t e   S u m m a r y ---------------------
Hour     160     80     40     20     15     10    Rate Total    Pct
--------------------------------------------------------------------
1200       0      0      0    137    182     24    343    343    6.6
1300       0      0      0    188    124     16    328    671   13.0
1400       0      0      0    145     88     37    270    941   18.2
1500       0      0     22    134     61     34    251   1192   23.1
1600       0      0    147    108     36     24    315   1507   29.2
1700       0      0     15     60    100     72    247   1754   34.0
1800       0      0     68     71    125     40    304   2058   39.9
1900       0      1     62    107     69      8    247   2305   44.7
2000       0     32    104     91     36      0    263   2568   49.8
2100       0    156     18    141      4      0    319   2887   56.0
2200       0    136     92     43      0      0    271   3158   61.2
2300       0     45     52    149      0      0    246   3404   66.0
0000       0     43    101     59      0      0    203   3607   69.9
0100       0     59    100      7      0      0    166   3773   73.1
0200       0     43     58     24      0      0    125   3898   75.6
0300       0     27     90     22      0      0    139   4037   78.3
0400       0     15     80     25      1      0    121   4158   80.6
0500       0      0     61     51      1      0    113   4271   82.8
0600       0      2     44     59     34      0    139   4410   85.5
0700       0      0      0     60     36      6    102   4512   87.5
0800       0      0      1     26     96     35    158   4670   90.5
0900       0      0      0    127     58     27    212   4882   94.6
1000       0      0     23     37     43     37    140   5022   97.3
1100       0      0     18     95     15      9    137   5159  100.0
------------------------------------------------------
Total      0    559   1156   1966   1109    369   5159

Gross QSOs=5269        Dupes=110        Net QSOs=5159

Unique callsigns worked = 2513

The best 60 minute rate was 392/hour from 1223 to 1322
The best 30 minute rate was 438/hour from 1556 to 1625
The best 10 minute rate was 510/hour from 1556 to 1605

The best 1 minute rates were:
11 QSOs/minute    3 times.
10 QSOs/minute    8 times.
 9 QSOs/minute   17 times.
 8 QSOs/minute   43 times.
 7 QSOs/minute   85 times.
 6 QSOs/minute  122 times.
 5 QSOs/minute  196 times.
 4 QSOs/minute  209 times.
 3 QSOs/minute  249 times.
 2 QSOs/minute  239 times.
 1 QSOs/minute  181 times.

Number of letters in callsigns
Letters  # worked
-----------------
   3        35
   4      2005
   5      1984
   6      1090
   7        23
   8        15
   9         4
  10         2

------------ M u l t i p l i e r   S u m m a r y ------------
Mult     160     80     40     20     15     10  Total    Pct
-------------------------------------------------------------
28         0    255    455    775    505    245   2235   43.3
08         0     29    197    370    203      0    799   15.5
29         0     56    145    282     94     20    597   11.6
27         0    127    162    129     76     59    553   10.7
18         0     29     49     60     13      1    152    2.9
07         0      0     16     60     52      0    128    2.5
30         0      7     25     47     23      1    103    2.0
37         0      6     15     34     20      7     82    1.6
04         0      2     13     30     14      0     59    1.1
06         0      0      1     28     23      0     52    1.0
39         0      3      6     14      7      4     34    0.7
11         0      2      5     16      9      1     33    0.6
09         0      1      7     16      8      0     32    0.6
31         0      0      2      8      4      0     14    0.3
32         0      0      1      8      4      0     13    0.3
HRS        0      2      2      2      2      2     10    0.2
PZK        0      2      2      2      2      2     10    0.2
ZRS        0      2      2      2      2      2     10    0.2
FRR        0      2      2      2      2      2     10    0.2
URE        0      2      2      2      2      2     10    0.2
BFRA       0      1      2      2      2      2      9    0.2
RSGB       0      2      3      1      2      1      9    0.2
SRS        0      1      2      2      2      2      9    0.2
OV         0      1      2      2      2      2      9    0.2
DARC       0      2      2      1      2      2      9    0.2
ARABH      0      1      1      2      2      2      8    0.2
SRR        0      2      2      2      2      0      8    0.2
BFRR       0      1      2      2      2      1      8    0.2
R1         0      2      2      1      2      0      7    0.1
02         0      0      0      6      1      0      7    0.1
15         0      0      2      2      2      1      7    0.1
MRASZ      0      2      2      0      1      2      7    0.1
14         0      1      1      4      1      0      7    0.1
17         0      1      1      4      0      0      6    0.1
REF        0      2      2      1      1      0      6    0.1
SRAL       0      2      2      2      0      0      6    0.1
SSA        0      1      2      2      0      1      6    0.1
36         0      1      1      1      1      1      5    0.1
VERON      0      2      2      0      1      0      5    0.1
45         0      0      0      3      2      0      5    0.1
ARI        0      1      1      1      1      1      5    0.1
IRA        0      1      1      1      1      0      4    0.1
UBA        0      2      2      0      0      0      4    0.1
EDR        0      1      2      1      0      0      4    0.1
RSM        0      1      0      2      0      0      3    0.1
54         0      0      0      1      2      0      3    0.1
75         0      0      0      3      0      0      3    0.1
ARRL       0      0      1      1      1      0      3    0.1
IARU       0      0      1      1      1      0      3    0.1
12         0      0      0      3      0      0      3    0.1
19         0      0      1      2      0      0      3    0.1
60         0      0      1      2      0      0      3    0.1
ARAT       0      0      0      1      1      0      2    0.0
42         0      0      0      1      1      0      2    0.0
57         0      0      0      0      2      0      2    0.0
48         0      0      0      1      1      0      2    0.0
49         0      0      0      1      1      0      2    0.0
41         0      0      0      2      0      0      2    0.0
03         0      0      0      2      0      0      2    0.0
USKA       0      1      0      1      0      0      2    0.0
KFRR       0      0      0      2      0      0      2    0.0
ERAU       0      0      1      1      0      0      2    0.0
ROARS      0      0      0      1      0      1      2    0.0
AC         0      0      1      1      0      0      2    0.0
ARE        0      0      0      0      1      0      1    0.0
50         0      0      0      1      0      0      1    0.0
52         0      0      0      0      1      0      1    0.0
IRTS       0      0      1      0      0      0      1    0.0
NARL       0      0      0      0      0      1      1    0.0
REP        0      0      0      1      0      0      1    0.0
TRAC       0      0      0      0      0      1      1    0.0
44         0      0      0      1      0      0      1    0.0
MARP       0      0      1      0      0      0      1    0.0
10         0      0      0      1      0      0      1    0.0
RCA        0      0      0      1      0      0      1    0.0
20         0      0      0      1      0      0      1    0.0
BARC       0      0      0      1      0      0      1    0.0
58         0      0      0      0      1      0      1    0.0
RAST       0      0      0      0      1      0      1    0.0
------------------------------------------------------
Total      0    559   1156   1966   1109    369   5159

Multi-band QSOs
---------------
1 bands    1353
2 bands     539
3 bands     316
4 bands     199
5 bands     106
6 bands       0

------- S i n g l e   B a n d   Q S O s ------
Band    160     80     40     20     15     10
----------------------------------------------
QSOs      0     70    234    757    239     53
