Cabrillo Statistics           (Version 10g)           by K5KA & N6TV
http://bit.ly/cabstat

CONTEST: IARU-HF
CALLSIGN: MB7L
CATEGORY-OPERATOR: MULTI-OP
CATEGORY-TRANSMITTER: TWO
OPERATORS: LY9A LY4L

**  0  ****** Q S O   R a t e   S u m m a r y **************

Hour     160     80     40     20     15     10  Total    Pct
-------------------------------------------------------------
1200       0      0      0    205      0      0    205    6.7
1300       0      0      0    194      0      0    194   13.1
1400       0      0      0    209      0      0    209   20.0
1500       0      0      0    166      0      0    166   25.4
1600       0      0      0    158      0      0    158   30.6
1700       0      0      0    120      0      0    120   34.5
1800       0      0      0    125      0      0    125   38.6
1900       0      0      0    144      0      0    144   43.4
2000       0      0      0    114      0      0    114   47.1
2100       0      0    164     19      0      0    183   53.1
2200       0      0     93     43      0      0    136   57.6
2300       0      0    132     23      0      0    155   62.7
0000       0      0    174      0      0      0    174   68.4
0100       0      0    127      0      0      0    127   72.5
0200       0      0     30     54      0      0     84   75.3
0300       0     53      0     24      0      0     77   77.8
0400       0     15      0     27      0      0     42   79.2
0500       0      2      0     35      0      0     37   80.4
0600       0      0      0     55     17      2     74   82.8
0700       0      0      0     68     27      0     95   86.0
0800       0      0      0     16     37     32     85   88.7
0900       0      0      0      0      0    110    110   92.4
1000       0      0      0      0     53     44     97   95.5
1100       0      0      0    135      0      1    136  100.0
------------------------------------------------------
Total      0     70    720   1934    134    189   3047


**  1  ****** Q S O   R a t e   S u m m a r y **************

Hour     160     80     40     20     15     10  Total    Pct
-------------------------------------------------------------
1200       0      0      0      0    143     21    164    5.8
1300       0      0     54      0     76     20    150   11.1
1400       0      0     49      0      2     72    123   15.5
1500       0      0      0      0     27    108    135   20.3
1600       0      0      0      0    112     28    140   25.2
1700       0      0     40      0     43     66    149   30.5
1800       0      0     84      0     61      1    146   35.7
1900       0      0      0      0    169      0    169   41.7
2000       0      0      0      0    140      1    141   46.7
2100       0    116      0      0     63      0    179   53.0
2200       0    150      0      0      0      0    150   58.3
2300       0    155      0      0      0      0    155   63.8
0000       0    101      0      0      0      0    101   67.4
0100       0      2      0    123      0      0    125   71.8
0200       0     67      3     18      0      0     88   74.9
0300       0      0     90      6      0      0     96   78.3
0400       0     19     20      0      0      0     39   79.7
0500       0      1     82      0      0      0     83   82.6
0600       0      0     97      0      0      0     97   86.1
0700       0      0     69      0      0      3     72   88.6
0800       0      0     29     62      0      7     98   92.1
0900       0      0      0      1     87      0     88   95.2
1000       0      0      0     62     15      0     77   97.9
1100       0      0      0      0     58      0     58  100.0
------------------------------------------------------
Total      0    611    617    272    996    327   2823


-------------- Q S O   R a t e   S u m m a r y ---------------------
Hour     160     80     40     20     15     10    Rate Total    Pct
--------------------------------------------------------------------
1200       0      0      0    205    143     21    369    369    6.3
1300       0      0     54    194     76     20    344    713   12.1
1400       0      0     49    209      2     72    332   1045   17.8
1500       0      0      0    166     27    108    301   1346   22.9
1600       0      0      0    158    112     28    298   1644   28.0
1700       0      0     40    120     43     66    269   1913   32.6
1800       0      0     84    125     61      1    271   2184   37.2
1900       0      0      0    144    169      0    313   2497   42.5
2000       0      0      0    114    140      1    255   2752   46.9
2100       0    116    164     19     63      0    362   3114   53.0
2200       0    150     93     43      0      0    286   3400   57.9
2300       0    155    132     23      0      0    310   3710   63.2
0000       0    101    174      0      0      0    275   3985   67.9
0100       0      2    127    123      0      0    252   4237   72.2
0200       0     67     33     72      0      0    172   4409   75.1
0300       0     53     90     30      0      0    173   4582   78.1
0400       0     34     20     27      0      0     81   4663   79.4
0500       0      3     82     35      0      0    120   4783   81.5
0600       0      0     97     55     17      2    171   4954   84.4
0700       0      0     69     68     27      3    167   5121   87.2
0800       0      0     29     78     37     39    183   5304   90.4
0900       0      0      0      1     87    110    198   5502   93.7
1000       0      0      0     62     68     44    174   5676   96.7
1100       0      0      0    135     58      1    194   5870  100.0
------------------------------------------------------
Total      0    681   1337   2206   1130    516   5870

Gross QSOs=5973        Dupes=103        Net QSOs=5870

Unique callsigns worked = 2788

The best 60 minute rate was 404/hour from 2121 to 2220
The best 30 minute rate was 432/hour from 2131 to 2200
The best 10 minute rate was 480/hour from 1233 to 1242

The best 1 minute rates were:
11 QSOs/minute    1 times.
10 QSOs/minute   11 times.
 9 QSOs/minute   20 times.
 8 QSOs/minute   67 times.
 7 QSOs/minute  116 times.
 6 QSOs/minute  156 times.
 5 QSOs/minute  226 times.
 4 QSOs/minute  245 times.
 3 QSOs/minute  220 times.
 2 QSOs/minute  196 times.
 1 QSOs/minute  123 times.

Number of letters in callsigns
Letters  # worked
-----------------
   3        48
   4      2088
   5      2301
   6      1367
   7        22
   8        29
   9         9
  10         4

------------ M u l t i p l i e r   S u m m a r y ------------
Mult     160     80     40     20     15     10  Total    Pct
-------------------------------------------------------------
28         0    301    555   1003    593    377   2829   48.2
08         0     31    233    311    163      0    738   12.6
29         0     80    149    337    109     32    707   12.0
27         0    163    198    137     68     59    625   10.6
18         0     36     49     64     18      3    170    2.9
30         0     10     29     56     28      2    125    2.1
07         0      0     12     64     30      0    106    1.8
37         0      6     16     30     17      9     78    1.3
04         0      2     10     28     13      0     53    0.9
39         0      2      6     20      9      3     40    0.7
06         0      0      1     22     11      0     34    0.6
09         0      2      9     14      4      0     29    0.5
11         0      3      9     13      4      0     29    0.5
15         0      1      6      2      3      0     12    0.2
R1         0      3      3      2      3      1     12    0.2
31         0      0      1      8      2      0     11    0.2
FRR        0      2      2      2      2      2     10    0.2
PZK        0      2      2      2      2      2     10    0.2
URE        0      2      2      2      2      2     10    0.2
HRS        0      2      2      2      2      2     10    0.2
ZRS        0      2      2      2      2      2     10    0.2
SRS        0      2      2      2      2      2     10    0.2
14         0      1      3      1      5      0     10    0.2
32         0      0      0      7      2      0      9    0.2
MRASZ      0      2      2      2      2      1      9    0.2
SSA        0      1      2      2      2      1      8    0.1
OV         0      2      2      1      1      2      8    0.1
DARC       0      2      2      1      2      1      8    0.1
BFRR       0      1      2      2      1      2      8    0.1
BFRA       0      1      1      2      2      1      7    0.1
REF        0      2      1      2      1      1      7    0.1
VERON      0      2      2      1      1      1      7    0.1
SRR        0      2      2      1      1      1      7    0.1
ARABH      0      1      1      2      1      2      7    0.1
RSGB       0      2      1      1      2      1      7    0.1
12         0      0      2      2      2      0      6    0.1
USKA       0      2      1      1      0      2      6    0.1
SRAL       0      1      1      1      2      1      6    0.1
36         0      1      1      2      2      0      6    0.1
IRA        0      1      2      1      2      0      6    0.1
45         0      0      0      5      0      0      5    0.1
02         0      0      0      4      1      0      5    0.1
EDR        0      1      2      2      0      0      5    0.1
44         0      0      0      4      0      0      4    0.1
17         0      0      2      2      0      0      4    0.1
RSM        0      0      0      2      1      1      4    0.1
42         0      0      1      2      1      0      4    0.1
ARI        0      1      2      1      0      0      4    0.1
49         0      0      0      2      1      0      3    0.1
10         0      0      0      2      1      0      3    0.1
19         0      0      0      2      0      0      2    0.0
ARAT       0      0      0      1      1      0      2    0.0
UBA        0      1      1      0      0      0      2    0.0
AFVL       0      0      0      1      1      0      2    0.0
20         0      0      0      2      0      0      2    0.0
41         0      0      0      1      1      0      2    0.0
ARM        0      0      0      1      1      0      2    0.0
SARS       0      0      0      2      0      0      2    0.0
ARRL       0      0      0      1      1      0      2    0.0
AC         0      0      1      1      0      0      2    0.0
60         0      0      1      1      0      0      2    0.0
BARC       0      0      1      1      0      0      2    0.0
KFRR       0      0      0      1      0      0      1    0.0
57         0      0      0      0      1      0      1    0.0
58         0      0      0      1      0      0      1    0.0
48         0      0      0      1      0      0      1    0.0
CRAC       0      0      0      1      0      0      1    0.0
54         0      0      0      1      0      0      1    0.0
UARL       0      0      0      1      0      0      1    0.0
MARP       0      1      0      0      0      0      1    0.0
ERAU       0      1      0      0      0      0      1    0.0
GRC        0      0      0      1      0      0      1    0.0
59         0      0      0      1      0      0      1    0.0
55         0      0      0      1      0      0      1    0.0
53         0      0      0      1      0      0      1    0.0
50         0      0      0      0      1      0      1    0.0
75         0      0      0      1      0      0      1    0.0
------------------------------------------------------
Total      0    681   1337   2206   1130    516   5870

Multi-band QSOs
---------------
1 bands    1498
2 bands     637
3 bands     331
4 bands     204
5 bands     118
6 bands       0

------- S i n g l e   B a n d   Q S O s ------
Band    160     80     40     20     15     10
----------------------------------------------
QSOs      0     86    316    808    210     78
