Cabrillo Statistics           (Version 10g)           by K5KA & N6TV
http://bit.ly/cabstat

CONTEST: IARU-HF
CALLSIGN: MB7M
CATEGORY-OPERATOR: MULTI-OP
CATEGORY-TRANSMITTER: TWO
OPERATORS: DL3JAN, DM7XX

**  0  ****** Q S O   R a t e   S u m m a r y **************

Hour     160     80     40     20     15     10  Total    Pct
-------------------------------------------------------------
1200       0      0     27    114    126     54    321    9.7
1300       0      0     20    145     86     21    272   17.9
1400       0      0     12    178     73     16    279   26.3
1500       0      0     31      0     56     46    133   30.3
1600       0      0     68    117      0      0    185   35.8
1700       0      0     63     51     28     25    167   40.9
1800       0      0      0     30    128      0    158   45.6
1900       0     36     70     54      0      0    160   50.5
2000       0     33      0     22     98     11    164   55.4
2100       0     22     55     62     31      0    170   60.5
2200       0     99     50     43      0      0    192   66.3
2300       0     18     55     25     14      0    112   69.7
0000       0     56     62     31      0      0    149   74.2
0100       0      0     45     85      1      0    131   78.1
0200       0     28     88      0      0      0    116   81.6
0300       0     10     45     13      3      0     71   83.7
0400       0     13      0     30      0      0     43   85.0
0500       0      0     33      4     13      0     50   86.5
0600       0      0     45     24     11      0     80   88.9
0700       0      0     34      0     33      4     71   91.1
0800       0      0      9     29      8     24     70   93.2
0900       0      0      3     20     28     24     75   95.5
1000       0      0      0      0     48     39     87   98.1
1100       0      0     21     20     17      6     64  100.0
------------------------------------------------------
Total      0    315    836   1097    802    270   3320


**  1  ****** Q S O   R a t e   S u m m a r y **************

Hour     160     80     40     20     15     10  Total    Pct
-------------------------------------------------------------
1200       0      0      0      0      0      0      0    0.0
1300       0      0      0      0      0      0      0    0.0
1400       0      0      0      0      1     23     24    1.3
1500       0      0      0     53      0     20     73    5.2
1600       0      0     13     61     50      0    124   11.8
1700       0      0     20     34      0     60    114   17.8
1800       0      0      9      0      4     60     73   21.7
1900       0      0    102      0    101      0    203   32.5
2000       0     28     79     37      0      0    144   40.2
2100       0    105      0     27      3      0    135   47.4
2200       0      8      4     54      0      0     66   50.9
2300       0     47     11     44      0      0    102   56.3
0000       0     58      0     45      0      0    103   61.8
0100       0     75      0      0      0      0     75   65.8
0200       0     11      7     26      0      0     44   68.1
0300       0     34     27      0      0      0     61   71.4
0400       0      0     61      0      0      0     61   74.6
0500       0      0      8     45      0      0     53   77.4
0600       0      0     11     49      0      0     60   80.6
0700       0      0      0     66      3      1     70   84.4
0800       0      0      0     27     28      0     55   87.3
0900       0      0      0     28      1     57     86   91.9
1000       0      0      0     79      0     12     91   96.7
1100       0      0      0     21     38      3     62  100.0
------------------------------------------------------
Total      0    366    352    696    229    236   1879


-------------- Q S O   R a t e   S u m m a r y ---------------------
Hour     160     80     40     20     15     10    Rate Total    Pct
--------------------------------------------------------------------
1200       0      0     27    114    126     54    321    321    6.2
1300       0      0     20    145     86     21    272    593   11.4
1400       0      0     12    178     74     39    303    896   17.2
1500       0      0     31     53     56     66    206   1102   21.2
1600       0      0     81    178     50      0    309   1411   27.1
1700       0      0     83     85     28     85    281   1692   32.5
1800       0      0      9     30    132     60    231   1923   37.0
1900       0     36    172     54    101      0    363   2286   44.0
2000       0     61     79     59     98     11    308   2594   49.9
2100       0    127     55     89     34      0    305   2899   55.8
2200       0    107     54     97      0      0    258   3157   60.7
2300       0     65     66     69     14      0    214   3371   64.8
0000       0    114     62     76      0      0    252   3623   69.7
0100       0     75     45     85      1      0    206   3829   73.6
0200       0     39     95     26      0      0    160   3989   76.7
0300       0     44     72     13      3      0    132   4121   79.3
0400       0     13     61     30      0      0    104   4225   81.3
0500       0      0     41     49     13      0    103   4328   83.2
0600       0      0     56     73     11      0    140   4468   85.9
0700       0      0     34     66     36      5    141   4609   88.7
0800       0      0      9     56     36     24    125   4734   91.1
0900       0      0      3     48     29     81    161   4895   94.2
1000       0      0      0     79     48     51    178   5073   97.6
1100       0      0     21     41     55      9    126   5199  100.0
------------------------------------------------------
Total      0    681   1188   1793   1031    506   5199

Gross QSOs=5263        Dupes=64        Net QSOs=5199

Unique callsigns worked = 2539

The best 60 minute rate was 366/hour from 1857 to 1956
The best 30 minute rate was 408/hour from 1204 to 1233
The best 10 minute rate was 492/hour from 1212 to 1221

The best 1 minute rates were:
11 QSOs/minute    1 times.
10 QSOs/minute    7 times.
 9 QSOs/minute   18 times.
 8 QSOs/minute   35 times.
 7 QSOs/minute   81 times.
 6 QSOs/minute  138 times.
 5 QSOs/minute  185 times.
 4 QSOs/minute  241 times.
 3 QSOs/minute  260 times.
 2 QSOs/minute  222 times.
 1 QSOs/minute  168 times.

Number of letters in callsigns
Letters  # worked
-----------------
   3        38
   4      1958
   5      1986
   6      1154
   7        19
   8        28
   9         7
  10         7

------------ M u l t i p l i e r   S u m m a r y ------------
Mult     160     80     40     20     15     10  Total    Pct
-------------------------------------------------------------
28         0    289    492    728    469    349   2327   44.8
27         0    180    242    126     80     78    706   13.6
08         0     37    154    316    193      1    701   13.5
29         0     73    122    234     68     28    525   10.1
18         0     31     49     49     15      0    144    2.8
07         0      0     13     55     37      0    105    2.0
30         0     10     18     44     19      1     92    1.8
37         0      9     14     34     21      9     87    1.7
04         0      2     10     27     16      0     55    1.1
06         0      0      1     29     21      0     51    1.0
39         0      3      6     12      6      2     29    0.6
09         0      2      3     14      4      0     23    0.4
11         0      1      4     11      6      1     23    0.4
15         0      0      3      2      6      4     15    0.3
14         0      0      1      7      4      1     13    0.3
SRS        0      2      2      2      2      2     10    0.2
PZK        0      2      2      2      2      2     10    0.2
HRS        0      2      2      2      2      2     10    0.2
FRR        0      2      2      2      2      2     10    0.2
ZRS        0      2      2      2      2      2     10    0.2
31         0      0      0      8      2      0     10    0.2
URE        0      2      2      2      2      2     10    0.2
32         0      0      0      7      3      0     10    0.2
BFRA       0      1      2      2      2      2      9    0.2
SRR        0      2      2      2      2      1      9    0.2
DARC       0      2      2      1      2      2      9    0.2
R1         0      3      1      1      2      1      8    0.2
OV         0      2      1      2      2      1      8    0.2
MRASZ      0      1      2      2      2      1      8    0.2
RSGB       0      1      2      1      2      2      8    0.2
12         0      0      3      4      1      0      8    0.2
SSA        0      1      2      2      2      0      7    0.1
45         0      0      0      5      2      0      7    0.1
SRAL       0      2      2      2      1      0      7    0.1
ARABH      0      1      1      2      1      1      6    0.1
ERAU       0      1      1      1      2      1      6    0.1
UBA        0      2      2      1      1      0      6    0.1
BFRR       0      1      1      2      1      1      6    0.1
REF        0      1      2      1      1      1      6    0.1
17         0      1      2      1      1      0      5    0.1
IRA        0      1      1      1      2      0      5    0.1
EDR        0      1      2      2      0      0      5    0.1
ARI        0      2      2      1      0      0      5    0.1
USKA       0      2      0      2      0      1      5    0.1
10         0      0      1      2      2      0      5    0.1
VERON      0      2      1      0      0      1      4    0.1
RSM        0      0      1      1      1      1      4    0.1
02         0      0      0      4      0      0      4    0.1
36         0      1      1      1      1      0      4    0.1
60         0      0      1      2      1      0      4    0.1
KFRR       0      0      1      2      0      0      3    0.1
42         0      0      0      1      2      0      3    0.1
48         0      0      1      1      1      0      3    0.1
19         0      0      1      2      0      0      3    0.1
49         0      0      0      2      1      0      3    0.1
58         0      0      1      2      0      0      3    0.1
ARRL       0      0      0      2      1      0      3    0.1
IARU       0      0      1      1      1      0      3    0.1
NARL       0      0      0      0      1      1      2    0.0
RCA        0      0      0      0      1      1      2    0.0
ARAT       0      0      0      1      1      0      2    0.0
AFVL       0      0      0      1      1      0      2    0.0
34         0      0      0      2      0      0      2    0.0
44         0      0      0      2      0      0      2    0.0
54         0      0      0      1      1      0      2    0.0
RCP        0      0      0      1      1      0      2    0.0
EI         0      0      0      0      0      1      1    0.0
43         0      0      0      1      0      0      1    0.0
41         0      0      0      1      0      0      1    0.0
BARC       0      0      0      0      1      0      1    0.0
RCU        0      0      0      0      1      0      1    0.0
UARL       0      0      0      1      0      0      1    0.0
75         0      0      0      1      0      0      1    0.0
IRTS       0      0      0      0      1      0      1    0.0
50         0      0      1      0      0      0      1    0.0
MRAP       0      1      0      0      0      0      1    0.0
GRC        0      0      0      1      0      0      1    0.0
RCCR       0      0      0      1      0      0      1    0.0
ROARS      0      0      0      1      0      0      1    0.0
61         0      0      0      1      0      0      1    0.0
53         0      0      0      1      0      0      1    0.0
------------------------------------------------------
Total      0    681   1188   1793   1031    506   5199

Multi-band QSOs
---------------
1 bands    1422
2 bands     560
3 bands     278
4 bands     163
5 bands     116
6 bands       0

------- S i n g l e   B a n d   Q S O s ------
Band    160     80     40     20     15     10
----------------------------------------------
QSOs      0    115    304    704    212     87
