Cabrillo Statistics           (Version 10g)           by K5KA & N6TV
http://bit.ly/cabstat

CONTEST: IARU-HF
CALLSIGN: MB7V
CATEGORY-OPERATOR: MULTI-OP
CATEGORY-TRANSMITTER: TWO
OPERATORS: K6LA VE3AT

**  0  ****** Q S O   R a t e   S u m m a r y **************

Hour     160     80     40     20     15     10  Total    Pct
-------------------------------------------------------------
1200       0      0      0    150      0      0    150    6.3
1300       0      0      0    161      0      0    161   13.0
1400       0      0      0    156      0      0    156   19.6
1500       0      0      0     93      0      0     93   23.5
1600       0      0      0    101      0      0    101   27.7
1700       0      0      0    107      0      0    107   32.2
1800       0      0      0    106      0      0    106   36.6
1900       0      0      0    115      0      0    115   41.4
2000       0      0      0    132      0      0    132   47.0
2100       0      0      1    131      0      0    132   52.5
2200       0    119      0      0      0      0    119   57.5
2300       0    143      0      0      0      0    143   63.5
0000       0     98      0      0      0      0     98   67.6
0100       0     67      0      0      0      0     67   70.4
0200       0     39      0     46      0      0     85   73.9
0300       0     56      0      9      0      0     65   76.7
0400       0     17      0     12      1      0     30   77.9
0500       0      3      0     26      5      0     34   79.3
0600       0      0      0     84      0      0     84   82.9
0700       0      0      0     97      0      0     97   86.9
0800       0      0      0     80      0      0     80   90.3
0900       0      0      0     35      0     63     98   94.4
1000       0      0      0     49      0     36     85   97.9
1100       0      0      0     42      1      6     49  100.0
------------------------------------------------------
Total      0    542      1   1732      7    105   2387


**  1  ****** Q S O   R a t e   S u m m a r y **************

Hour     160     80     40     20     15     10  Total    Pct
-------------------------------------------------------------
1200       0      0      0      0     27     96    123    4.9
1300       0      0      0      0     92     15    107    9.2
1400       0      0      0      0     52     36     88   12.8
1500       0      0      0      0     63     36     99   16.8
1600       0      0      0      0    110      0    110   21.2
1700       0      0      0      0    155      0    155   27.4
1800       0      0      0      0    132      0    132   32.7
1900       0      0      0      0     42     61    103   36.9
2000       0      0     40      0     74      0    114   41.5
2100       0      0    172      0      0      0    172   48.4
2200       0      0    153      0      0      0    153   54.5
2300       0      0    101      0      0      0    101   58.6
0000       0      0     95      0      0      0     95   62.4
0100       0      0      3    139      0      0    142   68.1
0200       0      0    106      5      0      0    111   72.6
0300       0      0     51      6      3      0     60   75.0
0400       0      0    106      1      0      0    107   79.3
0500       0      0     58      0      0      0     58   81.6
0600       0      0     95      0      8      0    103   85.8
0700       0      0     33      0     31      3     67   88.5
0800       0      0      3      0     29     33     65   91.1
0900       0      0      9      0     56     16     81   94.3
1000       0      0      4      0     62      5     71   97.2
1100       0      0     29      0     41      0     70  100.0
------------------------------------------------------
Total      0      0   1058    151    977    301   2487


-------------- Q S O   R a t e   S u m m a r y ---------------------
Hour     160     80     40     20     15     10    Rate Total    Pct
--------------------------------------------------------------------
1200       0      0      0    150     27     96    273    273    5.6
1300       0      0      0    161     92     15    268    541   11.1
1400       0      0      0    156     52     36    244    785   16.1
1500       0      0      0     93     63     36    192    977   20.0
1600       0      0      0    101    110      0    211   1188   24.4
1700       0      0      0    107    155      0    262   1450   29.7
1800       0      0      0    106    132      0    238   1688   34.6
1900       0      0      0    115     42     61    218   1906   39.1
2000       0      0     40    132     74      0    246   2152   44.2
2100       0      0    173    131      0      0    304   2456   50.4
2200       0    119    153      0      0      0    272   2728   56.0
2300       0    143    101      0      0      0    244   2972   61.0
0000       0     98     95      0      0      0    193   3165   64.9
0100       0     67      3    139      0      0    209   3374   69.2
0200       0     39    106     51      0      0    196   3570   73.2
0300       0     56     51     15      3      0    125   3695   75.8
0400       0     17    106     13      1      0    137   3832   78.6
0500       0      3     58     26      5      0     92   3924   80.5
0600       0      0     95     84      8      0    187   4111   84.3
0700       0      0     33     97     31      3    164   4275   87.7
0800       0      0      3     80     29     33    145   4420   90.7
0900       0      0      9     35     56     79    179   4599   94.4
1000       0      0      4     49     62     41    156   4755   97.6
1100       0      0     29     42     42      6    119   4874  100.0
------------------------------------------------------
Total      0    542   1059   1883    984    406   4874

Gross QSOs=4963        Dupes=89        Net QSOs=4874

Unique callsigns worked = 2391

The best 60 minute rate was 315/hour from 2049 to 2148
The best 30 minute rate was 346/hour from 2214 to 2243
The best 10 minute rate was 390/hour from 2313 to 2322

The best 1 minute rates were:
 9 QSOs/minute    6 times.
 8 QSOs/minute   19 times.
 7 QSOs/minute   57 times.
 6 QSOs/minute  124 times.
 5 QSOs/minute  198 times.
 4 QSOs/minute  249 times.
 3 QSOs/minute  295 times.
 2 QSOs/minute  232 times.
 1 QSOs/minute  190 times.

Number of letters in callsigns
Letters  # worked
-----------------
   3        34
   4      1814
   5      1917
   6      1051
   7        21
   8        24
   9         8
  10         5

------------ M u l t i p l i e r   S u m m a r y ------------
Mult     160     80     40     20     15     10  Total    Pct
-------------------------------------------------------------
28         0    218    449    820    522    262   2271   46.6
29         0     60    109    325    118     42    654   13.4
08         0     30    166    274    107      0    577   11.8
27         0    140    159    104     70     60    533   10.9
18         0     24     42     68     23      2    159    3.3
30         0      5     23     49     22      3    102    2.1
07         0      0      9     49     14      0     72    1.5
37         0      8     12     19      8      3     50    1.0
04         0      4     10     14      9      0     37    0.8
39         0      2      5     15      9      3     34    0.7
09         0      4      4     12      8      0     28    0.6
11         0      2      9      8      3      0     22    0.5
06         0      0      1     16      4      0     21    0.4
31         0      0      1      9      6      0     16    0.3
44         0      0      0      7      4      0     11    0.2
32         0      0      1      7      3      0     11    0.2
PZK        0      2      2      2      2      2     10    0.2
HRS        0      2      2      2      2      2     10    0.2
SRR        0      2      2      2      2      2     10    0.2
SRS        0      2      2      2      2      2     10    0.2
ZRS        0      2      2      2      2      2     10    0.2
URE        0      2      2      2      2      1      9    0.2
FRR        0      2      1      2      2      2      9    0.2
DARC       0      2      2      1      2      2      9    0.2
RSGB       0      2      2      2      2      1      9    0.2
SSA        0      2      2      2      2      1      9    0.2
BFRA       0      1      2      2      2      1      8    0.2
OV         0      2      1      2      2      1      8    0.2
R1         0      1      2      2      3      0      8    0.2
15         0      1      3      3      1      0      8    0.2
MRASZ      0      1      2      1      2      1      7    0.1
45         0      0      0      6      1      0      7    0.1
USKA       0      2      0      2      1      2      7    0.1
ARABH      0      2      1      2      1      1      7    0.1
REF        0      2      2      1      1      1      7    0.1
SRAL       0      2      2      1      1      0      6    0.1
14         0      0      2      2      2      0      6    0.1
VERON      0      2      2      1      0      1      6    0.1
BFRR       0      1      1      2      1      0      5    0.1
ARI        0      1      2      1      1      0      5    0.1
IRA        0      1      2      1      0      0      4    0.1
EDR        0      1      2      1      0      0      4    0.1
UBA        0      2      1      0      0      1      4    0.1
ERAU       0      0      1      0      0      2      3    0.1
42         0      0      0      2      1      0      3    0.1
17         0      0      1      1      1      0      3    0.1
36         0      1      0      1      1      0      3    0.1
41         0      0      0      2      1      0      3    0.1
19         0      0      1      2      0      0      3    0.1
49         0      0      0      2      1      0      3    0.1
12         0      0      2      0      1      0      3    0.1
10         0      0      0      2      1      0      3    0.1
RSM        0      0      1      0      1      1      3    0.1
AFVL       0      0      0      1      1      0      2    0.0
ROARS      0      0      0      1      1      0      2    0.0
PARA       0      0      0      1      1      0      2    0.0
43         0      0      0      1      1      0      2    0.0
58         0      0      0      1      1      0      2    0.0
54         0      0      0      2      0      0      2    0.0
IARU       0      0      1      0      1      0      2    0.0
02         0      0      0      2      0      0      2    0.0
NARG       0      0      1      0      1      0      2    0.0
IRTS       0      2      0      0      0      0      2    0.0
60         0      0      1      1      0      0      2    0.0
FRA        0      0      1      1      0      0      2    0.0
AC         0      0      1      1      0      0      2    0.0
20         0      0      0      1      0      0      1    0.0
REP        0      0      0      1      0      0      1    0.0
MARP       0      0      0      1      0      0      1    0.0
SARA       0      0      0      1      0      0      1    0.0
48         0      0      0      1      0      0      1    0.0
SARS       0      0      0      1      0      0      1    0.0
KFRR       0      0      0      1      0      0      1    0.0
UARL       0      0      0      1      0      0      1    0.0
01         0      0      1      0      0      0      1    0.0
0V         0      0      1      0      0      0      1    0.0
ARRL       0      0      0      1      0      0      1    0.0
03         0      0      0      1      0      0      1    0.0
RCP        0      0      0      1      0      0      1    0.0
BARC       0      0      0      1      0      0      1    0.0
61         0      0      0      1      0      0      1    0.0
TRAC       0      0      0      0      0      1      1    0.0
46         0      0      0      0      0      1      1    0.0
75         0      0      0      1      0      0      1    0.0
------------------------------------------------------
Total      0    542   1059   1883    984    406   4874

Multi-band QSOs
---------------
1 bands    1307
2 bands     543
3 bands     275
4 bands     172
5 bands      94
6 bands       0

------- S i n g l e   B a n d   Q S O s ------
Band    160     80     40     20     15     10
----------------------------------------------
QSOs      0     71    227    752    189     68
