Cabrillo Statistics           (Version 10g)           by K5KA & N6TV
http://bit.ly/cabstat

CONTEST: IARU-HF
CALLSIGN: MB7W
CATEGORY-OPERATOR: MULTI-OP
CATEGORY-TRANSMITTER: TWO
OPERATORS: UA4FER LZ2HM

**  0  ****** Q S O   R a t e   S u m m a r y **************

Hour     160     80     40     20     15     10  Total    Pct
-------------------------------------------------------------
1200       0      0      0      0     51     94    145    6.2
1300       0      0      5      0     91     19    115   11.1
1400       0      0     20      0     45     58    123   16.4
1500       0      0      0     34     15    113    162   23.3
1600       0      0     87     24      0      4    115   28.3
1700       0      0     45      0      0     85    130   33.8
1800       0      0      0      0     93     29    122   39.0
1900       0      0      0      8     78     27    113   43.9
2000       0      0      0     10     59      7     76   47.1
2100       0      0      0      1    108      3    112   51.9
2200       0      0     92     26      6      1    125   57.3
2300       0      0    126      3      0      0    129   62.8
0000       0     69     38      0      0      0    107   67.4
0100       0     72      0      2      0      0     74   70.5
0200       0      0      0     83      1      0     84   74.1
0300       0     43      0      7      0      0     50   76.3
0400       0     29      0     11      1      0     41   78.0
0500       0      1      0     57      5      0     63   80.7
0600       0      0      0     12     25      4     41   82.5
0700       0      0      6      0     27      1     34   83.9
0800       0      0     18      0     30     37     85   87.6
0900       0      0      0      3      0     86     89   91.4
1000       0      0      0     85      0     24    109   96.1
1100       0      0     34     50      7      1     92  100.0
------------------------------------------------------
Total      0    214    471    416    642    593   2336


**  1  ****** Q S O   R a t e   S u m m a r y **************

Hour     160     80     40     20     15     10  Total    Pct
-------------------------------------------------------------
1200       0      0      0    197      0      0    197    6.1
1300       0      0      0    159      0      0    159   11.1
1400       0      0      0    193      0      0    193   17.1
1500       0      0      0     51     85      0    136   21.3
1600       0      0      0      0    143      0    143   25.8
1700       0      0      0     49    117      0    166   31.0
1800       0      0     91     74      0      0    165   36.1
1900       0      0    160      0      0      0    160   41.1
2000       0     53     59     67      0      0    179   46.7
2100       0     69      9     94      0      0    172   52.0
2200       0     46     71     31      0      0    148   56.7
2300       0     96      0     31      0      0    127   60.6
0000       0     25      0     90      0      0    115   64.2
0100       0      0     63     65      0      0    128   68.2
0200       0     41     56      0      0      0     97   71.2
0300       0      0    112      0      0      0    112   74.7
0400       0      0     83      0      0      0     83   77.3
0500       0      0     72      0      0      0     72   79.5
0600       0      0    104      0      0      0    104   82.8
0700       0      0     33    109      0      0    142   87.2
0800       0      0      0    124      0      0    124   91.1
0900       0      0      0     58     69      0    127   95.0
1000       0      0      0      0     99      0     99   98.1
1100       0      0      0     28      4     29     61  100.0
------------------------------------------------------
Total      0    330    913   1420    517     29   3209


-------------- Q S O   R a t e   S u m m a r y ---------------------
Hour     160     80     40     20     15     10    Rate Total    Pct
--------------------------------------------------------------------
1200       0      0      0    197     51     94    342    342    6.2
1300       0      0      5    159     91     19    274    616   11.1
1400       0      0     20    193     45     58    316    932   16.8
1500       0      0      0     85    100    113    298   1230   22.2
1600       0      0     87     24    143      4    258   1488   26.8
1700       0      0     45     49    117     85    296   1784   32.2
1800       0      0     91     74     93     29    287   2071   37.3
1900       0      0    160      8     78     27    273   2344   42.3
2000       0     53     59     77     59      7    255   2599   46.9
2100       0     69      9     95    108      3    284   2883   52.0
2200       0     46    163     57      6      1    273   3156   56.9
2300       0     96    126     34      0      0    256   3412   61.5
0000       0     94     38     90      0      0    222   3634   65.5
0100       0     72     63     67      0      0    202   3836   69.2
0200       0     41     56     83      1      0    181   4017   72.4
0300       0     43    112      7      0      0    162   4179   75.4
0400       0     29     83     11      1      0    124   4303   77.6
0500       0      1     72     57      5      0    135   4438   80.0
0600       0      0    104     12     25      4    145   4583   82.7
0700       0      0     39    109     27      1    176   4759   85.8
0800       0      0     18    124     30     37    209   4968   89.6
0900       0      0      0     61     69     86    216   5184   93.5
1000       0      0      0     85     99     24    208   5392   97.2
1100       0      0     34     78     11     30    153   5545  100.0
------------------------------------------------------
Total      0    544   1384   1836   1159    622   5545

Gross QSOs=5625        Dupes=80        Net QSOs=5545

Unique callsigns worked = 2624

The best 60 minute rate was 371/hour from 1432 to 1531
The best 30 minute rate was 404/hour from 1445 to 1514
The best 10 minute rate was 456/hour from 1911 to 1920

The best 1 minute rates were:
12 QSOs/minute    1 times.
11 QSOs/minute    2 times.
10 QSOs/minute    4 times.
 9 QSOs/minute   15 times.
 8 QSOs/minute   52 times.
 7 QSOs/minute   89 times.
 6 QSOs/minute  146 times.
 5 QSOs/minute  198 times.
 4 QSOs/minute  242 times.
 3 QSOs/minute  287 times.
 2 QSOs/minute  242 times.
 1 QSOs/minute  118 times.

Number of letters in callsigns
Letters  # worked
-----------------
   3        39
   4      2038
   5      2131
   6      1274
   7        22
   8        24
   9         6
  10         8
  11         1

------------ M u l t i p l i e r   S u m m a r y ------------
Mult     160     80     40     20     15     10  Total    Pct
-------------------------------------------------------------
28         0    233    589    760    507    429   2518   45.4
08         0     35    207    317    239      5    803   14.5
29         0     60    164    286     93     35    638   11.5
27         0    124    205    106     71     75    581   10.5
18         0     26     53     43     23      3    148    2.7
07         0      0     15     63     42      0    120    2.2
30         0      8     31     45     26      3    113    2.0
04         0      4     16     27     15      0     62    1.1
37         0      4     15     18     14      8     59    1.1
06         0      0      0     29     24      0     53    1.0
39         0      1      8     15      8      6     38    0.7
09         0      3      7     17      7      0     34    0.6
11         0      2      9      9      8      3     31    0.6
15         0      0      6      5      6      7     24    0.4
31         0      0      2      8      6      0     16    0.3
R1         0      2      3      3      2      2     12    0.2
14         0      1      1      2      5      3     12    0.2
PZK        0      2      2      2      2      2     10    0.2
URE        0      2      2      2      2      2     10    0.2
FRR        0      2      2      2      2      2     10    0.2
ZRS        0      2      2      2      2      2     10    0.2
SRS        0      2      2      2      2      2     10    0.2
32         0      0      2      4      3      0      9    0.2
HRS        0      2      2      1      2      2      9    0.2
BFRA       0      1      2      2      2      2      9    0.2
SRR        0      2      2      2      2      1      9    0.2
12         0      0      2      4      2      1      9    0.2
DARC       0      2      2      1      2      1      8    0.1
REF        0      2      2      1      1      2      8    0.1
SSA        0      1      2      2      1      2      8    0.1
ARABH      0      2      2      1      1      2      8    0.1
OV         0      1      1      2      2      2      8    0.1
EDR        0      1      2      2      2      1      8    0.1
RSGB       0      2      1      1      1      2      7    0.1
BFRR       0      0      2      2      1      2      7    0.1
MRASZ      0      2      2      1      1      1      7    0.1
36         0      1      1      2      2      1      7    0.1
SRAL       0      2      2      1      2      0      7    0.1
USKA       0      2      0      1      1      2      6    0.1
02         0      0      0      4      2      0      6    0.1
45         0      0      0      2      4      0      6    0.1
44         0      0      1      2      2      0      5    0.1
IRA        0      1      1      1      2      0      5    0.1
UBA        0      2      1      1      0      1      5    0.1
ARI        0      1      1      1      1      0      4    0.1
BARC       0      0      0      2      2      0      4    0.1
VERON      0      2      2      0      0      0      4    0.1
AC         0      1      0      1      0      1      3    0.1
54         0      0      0      3      0      0      3    0.1
ARAT       0      0      0      1      1      1      3    0.1
AFVL       0      0      1      0      1      1      3    0.1
10         0      0      0      1      2      0      3    0.1
75         0      0      0      3      0      0      3    0.1
49         0      0      0      2      1      0      3    0.1
42         0      0      0      2      1      0      3    0.1
19         0      0      1      2      0      0      3    0.1
17         0      0      1      1      0      0      2    0.0
RCA        0      0      0      0      0      2      2    0.0
KFRR       0      0      0      1      1      0      2    0.0
48         0      0      0      1      1      0      2    0.0
58         0      0      1      1      0      0      2    0.0
IRTS       0      0      1      0      1      0      2    0.0
ARRL       0      0      0      1      1      0      2    0.0
60         0      0      1      1      0      0      2    0.0
RSM        0      1      0      0      0      1      2    0.0
20         0      0      0      2      0      0      2    0.0
ARUKR      0      0      0      0      1      1      2    0.0
EI         0      0      0      0      0      1      1    0.0
41         0      0      0      1      0      0      1    0.0
89         0      0      1      0      0      0      1    0.0
ERAU       0      0      0      1      0      0      1    0.0
SARS       0      0      0      1      0      0      1    0.0
IARU       0      0      0      1      0      0      1    0.0
MARP       0      0      1      0      0      0      1    0.0
ARM        0      0      0      1      0      0      1    0.0
53         0      0      0      1      0      0      1    0.0
TRAC       0      0      0      1      0      0      1    0.0
CRAC       0      0      0      0      1      0      1    0.0
------------------------------------------------------
Total      0    544   1384   1836   1159    622   5545

Multi-band QSOs
---------------
1 bands    1369
2 bands     609
3 bands     322
4 bands     204
5 bands     120
6 bands       0

------- S i n g l e   B a n d   Q S O s ------
Band    160     80     40     20     15     10
----------------------------------------------
QSOs      0     54    352    621    230    112
